                                                            [0m
                                                            [0m
                                                            [0m
                         [38;2;220;99;93m▄        [38;2;218;97;91m▄                         [0m
                         [38;2;224;97;90m[48;2;222;97;92m▀[49m        [38;2;220;95;89m[48;2;221;94;89m▀[49m                         [0m
                         [38;2;220;84;78m[48;2;213;48;40m▀[49m        [38;2;218;83;76m[48;2;210;45;34m▀[49m                         [0m
                        [38;2;223;120;115m[48;2;211;39;30m▀[38;2;209;28;20m[48;2;213;50;43m▀[49m        [38;2;209;27;19m[48;2;213;50;43m▀[38;2;223;119;113m[48;2;211;38;30m▀[49m                        [0m
             [38;2;228;140;134m▄[38;2;228;130;121m▄[38;2;211;28;16m[48;2;227;61;15m▀[38;2;210;26;17m[48;2;228;60;16m▀[38;2;210;28;17m[48;2;228;60;17m▀[38;2;216;65;58m[48;2;215;41;22m▀[38;2;230;141;136m[49m▄   [38;2;224;117;112m[48;2;209;35;29m▀[38;2;209;30;19m[48;2;223;62;16m▀[38;2;221;102;97m[49m▀        [38;2;222;104;99m▀[38;2;210;28;19m[48;2;226;60;18m▀[38;2;224;115;110m[48;2;210;34;26m▀[49m   [38;2;229;143;138m▄[38;2;216;69;60m[48;2;214;43;23m▀[38;2;209;28;17m[48;2;228;61;17m▀[38;2;210;26;17m[48;2;227;61;16m▀[38;2;210;28;16m[48;2;227;59;17m▀[38;2;227;129;121m[49m▄[38;2;227;138;134m▄             [0m
            [38;2;217;52;34m▄[38;2;216;40;17m[48;2;228;62;15m▀[38;2;217;43;17m[48;2;229;62;16m▀[38;2;229;63;15m[48;2;229;63;17m▀[38;2;228;57;16m[48;2;227;52;16m▀[38;2;229;60;16m[48;2;226;52;17m▀[38;2;225;55;16m[48;2;225;69;36m▀[38;2;228;129;123m[49m▀   [38;2;219;46;18m[48;2;221;51;16m▀[38;2;231;77;17m[48;2;233;81;16m▀[49m          [38;2;233;76;18m[48;2;234;80;17m▀[38;2;218;46;18m[48;2;221;50;17m▀[49m   [38;2;230;131;126m▀[38;2;224;53;17m[48;2;226;69;35m▀[38;2;228;59;15m[48;2;226;50;15m▀[38;2;228;57;15m[48;2;226;51;16m▀[38;2;228;63;16m[48;2;229;63;16m▀[38;2;217;43;16m[48;2;227;63;16m▀[38;2;216;39;16m[48;2;228;63;16m▀[38;2;215;53;31m[49m▄            [0m
          [38;2;216;83;74m▄[38;2;221;61;36m[48;2;227;60;16m▀[38;2;229;60;15m[48;2;228;62;16m▀[38;2;228;60;17m[48;2;209;29;17m▀[38;2;226;56;17m[48;2;210;29;18m▀[38;2;217;40;16m[48;2;208;26;18m▀[38;2;226;51;15m[48;2;220;42;16m▀[48;2;226;57;15m▀[38;2;231;112;88m[49m▀    [38;2;222;50;18m[48;2;212;32;17m▀[38;2;235;80;17m[48;2;236;81;16m▀[38;2;222;56;17m[49m▄        [38;2;220;54;17m▄[38;2;234;80;17m[48;2;235;81;16m▀[38;2;221;50;18m[48;2;211;33;19m▀[49m    [38;2;233;116;94m▀[38;2;225;49;15m[48;2;227;55;15m▀[38;2;225;51;15m[48;2;221;42;16m▀[38;2;217;41;18m[48;2;208;26;18m▀[38;2;224;57;16m[48;2;208;28;18m▀[38;2;228;60;16m[48;2;209;30;17m▀[38;2;228;59;15m[48;2;228;61;16m▀[38;2;223;59;34m[48;2;227;60;16m▀[38;2;217;83;75m[49m▄          [0m
         [38;2;224;104;99m▄[38;2;220;56;35m[48;2;214;36;17m▀[38;2;227;56;15m[48;2;218;42;16m▀[38;2;216;39;16m[48;2;209;27;17m▀[38;2;209;29;18m▄[38;2;209;26;18m[48;2;207;26;17m▀[38;2;208;26;18m[48;2;207;27;18m▀[38;2;216;39;15m[48;2;213;33;16m▀[38;2;227;56;16m[48;2;228;57;16m▀[49m     [38;2;210;31;20m[48;2;205;33;24m▀[38;2;232;74;16m[48;2;214;39;17m▀[38;2;234;81;14m[48;2;235;82;16m▀[38;2;220;54;23m[48;2;234;80;15m▀[38;2;214;43;21m[49m▄[38;2;210;45;36m▄[38;2;218;94;88m[48;2;208;26;18m▀[38;2;220;93;87m▀[38;2;210;44;36m[49m▄[38;2;214;43;24m▄[38;2;220;54;24m[48;2;234;80;16m▀[38;2;234;81;15m[48;2;237;85;15m▀[38;2;233;75;16m[48;2;215;40;16m▀[38;2;212;31;21m[48;2;207;32;24m▀[49m     [38;2;228;57;16m[48;2;226;57;16m▀[38;2;219;39;17m[48;2;215;34;18m▀[38;2;208;26;18m[48;2;208;27;18m▀[38;2;207;26;18m[48;2;206;26;18m▀[38;2;209;28;18m[48;2;209;29;18m▀[38;2;215;39;17m[48;2;208;27;17m▀[38;2;227;57;15m[48;2;218;42;16m▀[38;2;219;55;34m[48;2;215;34;18m▀[38;2;222;103;97m[49m▄         [0m
        [38;2;222;105;97m▄[38;2;213;51;44m[48;2;211;30;19m▀[38;2;209;28;18m[48;2;214;37;16m▀[38;2;208;26;17m[48;2;210;29;18m▀[38;2;208;26;18m[48;2;211;29;19m▀[38;2;209;29;19m[48;2;210;29;19m▀[38;2;208;27;18m[48;2;208;26;18m▀[48;2;207;26;18m▄[38;2;213;33;17m[48;2;213;34;17m▀[38;2;228;58;16m[48;2;228;59;16m▀[49m      [38;2;209;27;18m[48;2;225;105;100m▀[38;2;217;48;18m[48;2;209;30;18m▀[38;2;237;84;17m[48;2;219;49;17m▀[38;2;232;78;16m[48;2;231;77;15m▀[38;2;217;46;17m[48;2;218;51;17m▀[38;2;210;29;18m[48;2;209;29;19m▀[38;2;209;28;18m[48;2;211;28;19m▀[38;2;217;45;18m[48;2;218;49;17m▀[38;2;231;76;16m[48;2;232;76;17m▀[38;2;237;85;17m[48;2;219;50;18m▀[38;2;219;48;17m[48;2;210;29;17m▀[38;2;209;28;18m[48;2;224;101;96m▀[49m      [38;2;226;56;16m[48;2;226;57;16m▀[38;2;213;35;18m[48;2;213;35;18m▀[38;2;208;27;18m[48;2;208;27;19m▀[38;2;207;26;17m[48;2;207;26;18m▀[38;2;209;29;19m[48;2;209;29;19m▀[38;2;207;28;17m[48;2;211;30;19m▀[38;2;207;26;18m[48;2;210;29;18m▀[38;2;208;26;17m[48;2;216;37;15m▀[38;2;213;50;43m[48;2;212;29;20m▀[38;2;222;101;94m[49m▄        [0m
       [38;2;216;66;58m▄[38;2;209;28;18m[48;2;215;36;17m▀[38;2;215;36;16m[48;2;213;35;18m▀[38;2;210;28;19m[48;2;211;28;19m▀[38;2;211;30;18m[48;2;211;29;20m▀[38;2;211;30;19m[48;2;210;29;20m▀[38;2;209;29;18m[48;2;210;29;18m▀[38;2;208;26;18m[48;2;208;27;18m▀[38;2;208;29;18m[48;2;209;29;19m▀[38;2;214;34;17m[48;2;213;34;17m▀[38;2;228;61;16m[48;2;229;61;16m▀[49m       [38;2;221;88;84m▀[38;2;209;26;19m[48;2;217;80;75m▀[38;2;226;65;16m[48;2;225;64;16m▀[38;2;224;61;16m[48;2;232;79;16m▀[38;2;209;27;17m[48;2;207;28;17m▀[38;2;210;27;18m[48;2;208;27;18m▀[38;2;224;60;16m[48;2;231;76;14m▀[38;2;228;65;17m[48;2;228;65;17m▀[38;2;209;27;18m[48;2;217;79;71m▀[38;2;219;87;81m[49m▀       [38;2;227;59;15m[48;2;229;61;16m▀[38;2;215;34;18m[48;2;214;35;18m▀[38;2;209;28;18m[48;2;210;29;18m▀[38;2;208;27;18m[48;2;208;27;17m▀[38;2;209;30;19m[48;2;209;29;19m▀[38;2;211;31;18m[48;2;211;30;19m▀[38;2;211;30;18m▀[38;2;210;29;18m[48;2;210;29;19m▀[38;2;215;35;17m[48;2;215;35;18m▀[38;2;209;28;20m[48;2;216;37;17m▀[38;2;216;64;56m[49m▄       [0m
       [38;2;212;28;20m[48;2;213;34;17m▀[38;2;214;34;17m[48;2;209;28;18m▀[38;2;211;29;18m[48;2;210;28;18m▀[38;2;210;28;20m[48;2;222;51;17m▀[38;2;211;29;20m[48;2;218;41;17m▀[38;2;210;31;19m[48;2;210;29;19m▀[38;2;210;30;19m[48;2;210;30;19m▀[38;2;207;27;19m[48;2;208;28;19m▀[38;2;209;29;19m[48;2;211;30;19m▀[38;2;213;35;18m[48;2;214;37;18m▀[38;2;229;62;16m[48;2;229;64;15m▀[38;2;231;108;77m[49m▄     [38;2;209;59;50m▀[38;2;225;130;125m[48;2;208;36;28m▀[38;2;216;75;70m[48;2;208;26;18m▀[38;2;217;46;17m[48;2;224;63;16m▀[38;2;231;77;17m[48;2;225;92;18m▀[38;2;218;47;17m[48;2;227;66;16m▀[38;2;216;48;17m[48;2;226;64;16m▀[38;2;230;78;14m[48;2;226;94;19m▀[38;2;218;46;16m[48;2;224;66;16m▀[38;2;216;73;65m[48;2;208;27;19m▀[38;2;224;130;125m[48;2;206;35;26m▀[38;2;208;55;49m[49m▀     [38;2;233;112;80m▄[38;2;228;61;16m[48;2;229;63;16m▀[38;2;213;35;18m[48;2;214;37;17m▀[38;2;210;29;18m[48;2;210;29;19m▀[38;2;209;27;18m[48;2;208;29;18m▀[38;2;208;29;18m▀[38;2;210;30;19m[48;2;210;30;19m▀[38;2;209;30;18m[48;2;216;41;18m▀[38;2;211;28;19m[48;2;220;49;16m▀[38;2;210;29;19m[48;2;210;28;18m▀[38;2;215;36;17m[48;2;210;29;18m▀[38;2;210;28;19m[48;2;214;35;18m▀[49m       [0m
      [38;2;222;103;97m[48;2;210;28;19m▀[38;2;213;34;17m[48;2;210;27;20m▀[38;2;209;27;19m[48;2;207;27;19m▀[38;2;217;41;17m[48;2;223;58;16m▀[38;2;232;75;13m[48;2;235;82;16m▀[38;2;217;42;17m[48;2;211;33;18m▀[38;2;209;29;19m[48;2;210;30;19m▀[38;2;211;30;20m[48;2;211;29;20m▀[38;2;210;28;19m[48;2;209;28;19m▀[38;2;209;29;20m[48;2;208;29;19m▀[38;2;215;38;17m[48;2;214;38;17m▀[38;2;229;64;16m[48;2;229;63;17m▀[38;2;226;75;38m[48;2;225;58;16m▀[38;2;228;131;125m[49m▄      [38;2;207;26;16m[48;2;220;93;89m▀[38;2;226;73;17m[48;2;224;63;17m▀[38;2;241;194;25m[48;2;239;145;19m▀[38;2;230;89;16m[48;2;234;92;16m▀[38;2;230;85;16m[48;2;233;87;16m▀[38;2;240;191;22m[48;2;239;147;19m▀[38;2;228;84;18m[48;2;224;66;17m▀[38;2;206;26;17m[48;2;219;91;87m▀[38;2;228;142;138m[49m▀     [38;2;229;133;127m▄[38;2;226;77;38m[48;2;226;58;16m▀[38;2;229;66;16m[48;2;229;65;16m▀[38;2;214;37;17m[48;2;213;37;18m▀[38;2;209;28;20m[48;2;207;27;19m▀[38;2;207;27;18m[48;2;207;27;18m▀[38;2;208;29;19m[48;2;209;28;19m▀[38;2;209;29;19m[48;2;209;29;18m▀[38;2;216;41;18m[48;2;212;32;18m▀[38;2;233;72;15m[48;2;234;74;15m▀[38;2;216;41;17m[48;2;223;55;15m▀[38;2;207;26;19m[48;2;207;26;18m▀[38;2;214;35;18m[48;2;208;28;18m▀[38;2;221;101;94m[48;2;209;27;19m▀[49m      [0m
     [38;2;216;68;59m▄[38;2;210;28;20m[48;2;211;29;18m▀[38;2;213;36;18m[48;2;225;56;15m▀[38;2;219;46;17m[48;2;224;55;17m▀[38;2;224;57;17m[48;2;223;56;18m▀[38;2;236;81;17m[48;2;228;63;16m▀[38;2;212;33;18m[48;2;212;31;18m▀[38;2;211;29;20m[48;2;211;29;20m▀[48;2;217;46;17m▀[38;2;209;28;20m[48;2;221;105;25m▀[38;2;209;27;19m[48;2;207;27;18m▀[38;2;210;28;19m[48;2;208;27;19m▀[38;2;226;56;17m[48;2;221;51;17m▀[38;2;229;63;16m[48;2;230;64;15m▀[38;2;221;67;43m[48;2;224;57;15m▀[38;2;225;112;99m[49m▄    [38;2;219;86;80m▄[38;2;209;44;37m[48;2;207;27;19m▀[38;2;210;33;17m[48;2;207;26;18m▀[38;2;233;75;15m[48;2;224;60;16m▀[38;2;231;71;14m[48;2;229;68;15m▀[38;2;232;70;15m[48;2;230;66;16m▀[38;2;233;77;16m[48;2;225;59;17m▀[38;2;211;33;18m[48;2;207;27;18m▀[38;2;209;43;36m[48;2;207;26;18m▀[38;2;216;86;80m[49m▄    [38;2;225;110;99m▄[38;2;220;67;44m[48;2;224;57;15m▀[38;2;228;62;16m[48;2;228;64;16m▀[38;2;224;55;17m[48;2;221;51;15m▀[38;2;208;28;19m[48;2;207;27;18m▀[38;2;208;28;18m▄[48;2;215;39;17m▀[38;2;209;29;18m[48;2;225;58;15m▀[38;2;210;28;19m[48;2;209;28;18m▀[38;2;212;31;18m[48;2;210;31;19m▀[38;2;234;76;16m[48;2;227;61;16m▀[38;2;224;54;17m[48;2;224;57;17m▀[38;2;217;43;17m[48;2;223;53;16m▀[38;2;214;35;17m[48;2;223;53;15m▀[38;2;209;28;19m[48;2;210;28;18m▀[38;2;216;66;57m[49m▄     [0m
     [38;2;217;67;58m[48;2;217;67;58m▀[38;2;215;34;18m[48;2;217;39;16m▀[38;2;230;64;15m[48;2;231;69;15m▀[38;2;233;74;15m[48;2;235;80;15m▀[38;2;234;76;15m[48;2;236;80;15m▀[38;2;215;40;18m[48;2;215;41;18m▀[38;2;209;28;19m[48;2;209;28;17m▀[38;2;214;36;17m[48;2;225;48;14m▀[38;2;230;68;13m[48;2;232;71;15m▀[38;2;219;66;19m[48;2;221;50;17m▀[38;2;209;27;19m[48;2;209;29;19m▀[38;2;206;27;18m[48;2;208;28;18m▀[38;2;217;44;17m[48;2;207;27;15m▀[38;2;229;64;16m[48;2;228;61;17m▀[38;2;231;67;15m[48;2;228;61;14m▀[38;2;217;46;15m[48;2;231;67;14m▀[38;2;216;59;42m[49m▄   [38;2;209;34;26m[48;2;209;44;36m▀[38;2;207;27;18m[48;2;208;27;18m▀[38;2;209;27;17m▀[38;2;219;46;17m[48;2;218;44;17m▀[38;2;221;53;14m[48;2;231;71;15m▀[38;2;222;51;14m[48;2;231;71;16m▀[38;2;219;47;16m[48;2;218;46;16m▀[38;2;209;27;18m[48;2;207;28;18m▀[38;2;207;27;18m[48;2;208;27;18m▀[38;2;208;34;25m[48;2;210;44;36m▀[49m   [38;2;216;63;42m▄[38;2;218;44;15m[48;2;232;66;14m▀[38;2;230;68;15m[48;2;229;61;15m▀[38;2;228;64;16m[48;2;227;61;16m▀[38;2;218;44;17m[48;2;207;26;16m▀[38;2;208;26;17m[48;2;207;27;18m▀[38;2;209;28;18m[48;2;210;30;18m▀[38;2;215;40;17m[48;2;215;40;17m▀[38;2;233;72;14m[48;2;233;75;15m▀[38;2;216;44;17m[48;2;220;51;17m▀[38;2;209;28;19m[48;2;209;28;19m▀[38;2;214;38;17m[48;2;214;39;16m▀[38;2;233;73;15m[48;2;234;76;15m▀[38;2;233;70;15m[48;2;234;74;16m▀[38;2;228;62;15m[48;2;229;65;15m▀[38;2;213;34;17m[48;2;215;39;17m▀[38;2;216;66;58m[48;2;216;65;56m▀[49m     [0m
    [38;2;228;129;123m▄[38;2;212;43;32m[48;2;212;30;17m▀[38;2;225;57;15m[48;2;231;62;17m▀[38;2;231;70;16m[48;2;231;69;16m▀[38;2;238;85;14m[48;2;237;86;16m▀[38;2;229;72;15m[48;2;223;58;17m▀[38;2;213;35;17m[48;2;208;28;18m▀[38;2;213;39;19m[48;2;215;40;18m▀[38;2;236;88;17m[48;2;239;98;17m▀[38;2;237;94;17m[48;2;240;99;18m▀[38;2;221;51;18m[48;2;224;61;18m▀[38;2;208;29;19m[48;2;209;29;19m▀[38;2;208;30;18m[48;2;209;30;18m▀[38;2;206;27;18m[48;2;207;28;18m▀[38;2;221;48;16m[48;2;209;29;17m▀[38;2;225;54;15m[48;2;223;50;16m▀[38;2;230;66;16m[48;2;227;60;16m▀[38;2;226;58;15m[48;2;222;50;15m▀[38;2;208;29;19m[48;2;212;33;18m▀[38;2;209;30;17m[48;2;232;74;15m▀[38;2;208;31;17m[48;2;235;76;16m▀[38;2;208;28;18m[48;2;211;31;18m▀[38;2;209;27;18m[48;2;208;27;18m▀[38;2;207;26;19m▄[38;2;216;44;17m[48;2;209;31;18m▀[38;2;230;68;15m[48;2;212;37;17m▀[48;2;213;36;17m▀[38;2;217;46;16m[48;2;209;31;18m▀[38;2;207;27;18m[48;2;208;26;18m▀[38;2;208;27;18m[48;2;207;28;18m▀[38;2;207;27;17m[48;2;208;32;16m▀[38;2;209;31;17m[48;2;235;74;15m▀[38;2;210;31;19m[48;2;234;74;14m▀[38;2;209;29;19m[48;2;211;34;18m▀[38;2;227;58;16m[48;2;222;50;16m▀[38;2;230;65;15m[48;2;226;59;15m▀[38;2;226;55;15m[48;2;225;51;15m▀[38;2;221;47;16m[48;2;211;29;18m▀[38;2;208;26;17m[48;2;208;27;17m▀[38;2;209;28;18m[48;2;210;29;20m▀[38;2;210;30;20m[48;2;210;30;20m▀[38;2;215;41;17m[48;2;216;41;18m▀[38;2;234;76;14m[48;2;234;79;16m▀[38;2;230;70;16m[48;2;234;81;15m▀[38;2;211;35;19m[48;2;214;37;17m▀[38;2;211;32;17m[48;2;207;27;18m▀[38;2;229;66;16m[48;2;223;54;17m▀[38;2;235;78;15m[48;2;235;79;16m▀[38;2;231;67;15m[48;2;232;67;15m▀[38;2;226;56;16m[48;2;230;62;16m▀[38;2;211;41;29m[48;2;209;30;17m▀[38;2;226;128;123m[49m▄    [0m
    [38;2;213;56;47m[48;2;210;33;23m▀[38;2;218;40;17m[48;2;218;42;16m▀[38;2;231;67;15m[48;2;232;71;14m▀[38;2;235;79;16m[48;2;236;85;15m▀[38;2;233;78;16m[48;2;231;73;16m▀[38;2;215;38;18m[48;2;209;27;18m▀[38;2;209;28;19m[48;2;208;28;18m▀[38;2;229;71;17m[48;2;235;85;16m▀[38;2;240;96;18m[48;2;240;95;19m▀[38;2;232;79;17m[48;2;230;66;16m▀[38;2;221;51;17m[48;2;220;43;17m▀[38;2;210;29;19m[48;2;210;28;19m▀[38;2;208;30;19m[48;2;208;29;18m▀[38;2;209;29;19m[48;2;209;29;19m▀[38;2;206;26;18m[48;2;206;28;18m▀[38;2;218;43;16m[48;2;208;29;18m▀[38;2;218;44;15m[48;2;209;30;17m▀[38;2;209;26;16m[48;2;216;44;18m▀[38;2;219;47;16m[48;2;228;63;15m▀[38;2;230;69;14m[48;2;229;67;16m▀[38;2;226;64;16m[48;2;219;48;16m▀[38;2;210;30;18m[48;2;206;27;17m▀[38;2;207;26;18m▀[48;2;208;26;18m▀[38;2;208;27;18m[48;2;207;27;17m▀[38;2;207;27;18m[48;2;208;27;19m▀[48;2;207;27;17m▀[38;2;209;26;17m▄[38;2;207;26;17m▀[48;2;207;27;18m▄[38;2;209;29;17m[48;2;205;26;17m▀[38;2;226;64;16m[48;2;218;47;16m▀[38;2;231;70;14m[48;2;230;68;16m▀[38;2;220;46;17m[48;2;228;64;14m▀[38;2;206;24;17m[48;2;218;44;17m▀[38;2;218;43;17m[48;2;208;30;18m▀[38;2;219;44;15m[48;2;210;30;18m▀[38;2;208;26;18m[48;2;208;27;18m▀[38;2;210;29;19m[48;2;210;30;20m▀[38;2;210;30;20m▀[48;2;210;30;19m▀[38;2;216;40;17m[48;2;217;42;18m▀[38;2;234;81;15m[48;2;241;144;21m▀[38;2;236;81;16m[48;2;219;60;18m▀[38;2;225;58;16m[48;2;232;71;15m▀[38;2;208;27;19m[48;2;208;27;18m▀[38;2;214;38;18m[48;2;209;27;18m▀[38;2;232;71;16m[48;2;236;140;21m▀[38;2;231;67;16m[48;2;233;72;16m▀[38;2;230;62;16m[48;2;231;65;16m▀[38;2;217;40;17m[48;2;217;40;17m▀[38;2;213;55;47m[48;2;209;29;21m▀[49m    [0m
   [38;2;225;121;114m[48;2;217;69;59m▀[38;2;213;36;19m[48;2;217;40;17m▀[38;2;225;53;16m[48;2;231;67;16m▀[38;2;234;76;15m[48;2;236;80;15m▀[38;2;236;85;16m[48;2;236;85;16m▀[38;2;233;79;16m[48;2;237;86;15m▀[38;2;219;47;17m[48;2;233;75;16m▀[38;2;218;42;17m[48;2;228;61;16m▀[38;2;236;86;18m[48;2;235;83;18m▀[38;2;240;98;18m[48;2;240;100;19m▀[38;2;228;65;16m[48;2;226;62;17m▀[38;2;215;38;16m[48;2;209;27;17m▀[38;2;210;29;19m[48;2;209;29;18m▀[38;2;208;29;19m[48;2;209;29;19m▀[38;2;209;30;19m▀[48;2;208;29;18m▄[38;2;206;26;18m[48;2;207;27;18m▀[38;2;216;44;16m[48;2;219;48;17m▀[38;2;227;61;15m[48;2;229;66;15m▀[38;2;230;65;15m[48;2;232;71;16m▀[38;2;230;66;14m[48;2;233;74;16m▀[38;2;230;69;15m[48;2;230;66;16m▀[38;2;231;72;16m[48;2;230;68;16m▀[38;2;219;48;19m[48;2;226;67;15m▀[38;2;206;26;18m[48;2;221;54;15m▀[38;2;208;27;18m[48;2;207;27;19m▀[48;2;208;28;18m▄[38;2;208;28;18m▀[38;2;208;26;17m[48;2;208;25;17m▀[38;2;208;26;18m[48;2;220;52;14m▀[38;2;218;46;17m[48;2;227;65;14m▀[38;2;230;70;14m[48;2;232;67;16m▀[38;2;230;69;14m[48;2;230;65;15m▀[38;2;230;66;14m[48;2;233;75;16m▀[38;2;230;66;15m[48;2;231;71;15m▀[38;2;228;61;15m[48;2;230;67;16m▀[38;2;218;43;16m[48;2;220;48;16m▀[38;2;207;27;17m[48;2;208;27;18m▀[38;2;209;30;18m[48;2;209;30;18m▀[38;2;209;30;19m[48;2;210;29;19m▀[38;2;208;30;20m[48;2;209;29;19m▀[38;2;209;30;19m▄[38;2;217;43;17m[48;2;216;43;18m▀[38;2;234;93;16m[48;2;235;84;14m▀[38;2;224;61;18m[48;2;238;92;17m▀[38;2;231;68;15m[48;2;230;69;15m▀[38;2;217;41;17m[48;2;228;60;15m▀[38;2;216;44;17m[48;2;230;65;16m▀[38;2;243;192;23m[48;2;233;119;14m▀[38;2;239;125;17m[48;2;241;147;18m▀[38;2;233;76;16m[48;2;236;87;16m▀[38;2;222;53;15m[48;2;231;68;16m▀[38;2;210;28;21m[48;2;211;27;19m▀[38;2;226;121;115m[48;2;216;69;61m▀[49m   [0m
   [38;2;217;69;60m[48;2;218;69;61m▀[38;2;218;43;17m[48;2;219;46;17m▀[38;2;235;80;16m[48;2;238;86;16m▀[38;2;237;86;16m[48;2;237;86;16m▀[38;2;237;85;16m[48;2;238;112;17m▀[48;2;237;86;15m▀[38;2;232;73;16m[48;2;234;77;17m▀[38;2;229;62;17m[48;2;229;63;16m▀[38;2;233;75;16m[48;2;233;75;16m▀[38;2;241;99;19m[48;2;241;99;19m▀[38;2;228;66;16m[48;2;238;92;19m▀[38;2;209;27;19m[48;2;214;38;18m▀[38;2;210;29;19m[48;2;209;29;19m▀[48;2;216;42;18m▀[38;2;209;29;19m[48;2;216;44;18m▀[38;2;208;29;19m[48;2;211;32;19m▀[38;2;208;27;18m[48;2;209;27;18m▀[38;2;220;49;17m[48;2;219;48;16m▀[38;2;228;66;15m[48;2;229;69;15m▀[38;2;230;71;15m[48;2;225;60;15m▀[38;2;234;80;15m[48;2;228;65;14m▀[38;2;228;65;16m[48;2;232;69;15m▀[38;2;227;62;15m[48;2;230;63;15m▀[38;2;231;72;15m[48;2;231;68;16m▀[38;2;229;68;16m[48;2;229;71;16m▀[38;2;207;27;18m[48;2;214;41;17m▀[38;2;207;28;18m[48;2;208;28;18m▀[38;2;207;27;18m▀[38;2;206;27;18m[48;2;214;41;17m▀[38;2;228;68;16m[48;2;229;69;15m▀[38;2;232;70;14m[48;2;231;67;15m▀[38;2;229;61;15m[48;2;230;61;15m▀[38;2;227;63;16m[48;2;230;68;15m▀[38;2;234;81;16m[48;2;230;67;15m▀[38;2;231;70;15m[48;2;225;60;14m▀[38;2;230;66;15m[48;2;229;67;15m▀[38;2;219;48;17m[48;2;219;49;17m▀[38;2;207;28;18m[48;2;209;27;19m▀[38;2;210;30;19m[48;2;211;32;18m▀[38;2;209;30;18m[48;2;215;42;17m▀[38;2;210;29;20m[48;2;214;40;17m▀[38;2;209;29;18m[48;2;209;27;17m▀[38;2;218;48;18m[48;2;223;58;17m▀[38;2;236;89;15m[48;2;236;89;16m▀[38;2;235;87;19m[48;2;217;40;16m▀[38;2;231;71;15m[48;2;236;86;18m▀[38;2;228;61;14m[48;2;230;68;15m▀[38;2;231;67;16m[48;2;231;69;16m▀[38;2;230;75;17m[48;2;230;65;15m▀[38;2;234;96;18m[48;2;234;77;16m▀[38;2;237;86;15m[48;2;237;83;15m▀[38;2;234;77;15m[48;2;236;82;14m▀[38;2;214;36;17m[48;2;218;43;17m▀[38;2;217;69;60m[48;2;216;69;61m▀[49m   [0m
   [38;2;219;70;62m[48;2;222;97;92m▀[38;2;218;45;17m[48;2;219;45;17m▀[38;2;236;88;17m[48;2;240;123;20m▀[38;2;237;83;14m[48;2;236;87;14m▀[38;2;245;182;20m[48;2;245;184;20m▀[38;2;237;86;16m[48;2;237;85;17m▀[38;2;234;78;18m[48;2;233;69;17m▀[38;2;229;63;15m[48;2;229;61;17m▀[38;2;232;75;17m[48;2;233;75;16m▀[38;2;241;99;18m[48;2;236;87;17m▀[48;2;236;86;16m▀[38;2;224;61;19m[48;2;223;62;18m▀[38;2;208;28;18m[48;2;209;27;17m▀[38;2;231;72;16m[48;2;233;80;15m▀[38;2;236;83;16m[48;2;237;90;16m▀[38;2;214;42;17m[48;2;232;77;16m▀[38;2;208;27;19m[48;2;212;34;18m▀[38;2;220;49;16m[48;2;229;64;15m▀[38;2;231;70;16m[48;2;230;70;16m▀[38;2;219;53;14m[48;2;229;70;16m▀[38;2;218;48;16m[48;2;211;36;16m▀[38;2;233;73;15m[48;2;232;73;16m▀[38;2;231;72;15m[48;2;232;70;14m▀[38;2;230;65;16m[48;2;231;70;16m▀[38;2;230;70;16m[48;2;230;65;15m▀[38;2;229;67;16m[48;2;232;73;16m▀[38;2;209;32;17m[48;2;216;43;17m▀[38;2;210;32;17m[48;2;217;43;16m▀[38;2;228;67;14m[48;2;232;73;15m▀[38;2;231;70;15m[48;2;230;67;15m▀[38;2;230;65;16m[48;2;232;69;16m▀[38;2;232;69;14m[48;2;231;69;14m▀[38;2;231;74;14m[48;2;231;72;15m▀[38;2;219;50;16m[48;2;213;37;19m▀[38;2;220;54;16m[48;2;228;67;15m▀[38;2;230;69;15m[48;2;230;68;14m▀[38;2;220;48;17m[48;2;228;62;16m▀[38;2;206;27;18m[48;2;211;35;16m▀[38;2;213;42;18m[48;2;233;78;16m▀[38;2;236;85;16m[48;2;237;88;17m▀[38;2;233;80;17m[48;2;232;79;16m▀[38;2;208;26;17m[48;2;208;26;18m▀[38;2;223;59;18m[48;2;223;60;18m▀[38;2;237;92;17m[48;2;238;91;16m▀[38;2;218;43;17m[48;2;218;44;17m▀[38;2;240;96;18m[48;2;241;99;19m▀[38;2;231;72;16m[48;2;231;73;15m▀[38;2;230;65;16m[48;2;231;65;17m▀[38;2;230;68;17m[48;2;234;109;17m▀[38;2;231;79;15m[48;2;250;214;21m▀[38;2;235;84;14m[48;2;240;115;19m▀[38;2;237;83;15m[48;2;237;83;16m▀[38;2;218;43;17m[48;2;218;45;17m▀[38;2;217;69;60m[48;2;220;98;91m▀[49m   [0m
    [38;2;218;49;21m[48;2;219;50;21m▀[38;2;239;87;14m[48;2;238;89;15m▀[38;2;239;88;16m[48;2;238;89;16m▀[38;2;245;186;21m[48;2;248;205;21m▀[38;2;237;83;17m[48;2;242;160;22m▀[38;2;233;69;17m[48;2;232;70;15m▀[38;2;229;62;17m[48;2;229;62;16m▀[38;2;233;77;17m[48;2;233;76;18m▀[38;2;235;84;16m[48;2;235;85;16m▀[38;2;236;83;17m[48;2;234;83;16m▀[38;2;225;61;19m[48;2;234;83;18m▀[38;2;208;27;18m[48;2;208;26;17m▀[38;2;233;83;16m[48;2;233;82;16m▀[38;2;237;92;18m[48;2;239;96;16m▀[38;2;236;89;17m[48;2;239;93;17m▀[38;2;212;37;17m[48;2;212;37;17m▀[38;2;228;64;15m[48;2;228;64;16m▀[38;2;229;66;17m[48;2;228;63;15m▀[38;2;229;68;15m[48;2;230;67;16m▀[38;2;214;39;17m[48;2;217;44;17m▀[38;2;223;55;17m[48;2;213;39;18m▀[38;2;232;73;14m[48;2;223;58;16m▀[38;2;232;72;16m[48;2;228;67;15m▀[38;2;230;66;16m[48;2;227;62;14m▀[38;2;230;69;16m[48;2;232;69;15m▀[38;2;225;61;17m[48;2;216;42;17m▀[38;2;226;60;16m[48;2;216;41;16m▀[38;2;231;69;15m[48;2;233;69;14m▀[38;2;230;66;16m[48;2;227;63;15m▀[38;2;232;71;15m[48;2;230;67;15m▀[38;2;233;72;14m[48;2;224;57;15m▀[38;2;224;55;17m[48;2;215;40;17m▀[38;2;214;39;17m[48;2;216;42;16m▀[38;2;229;67;16m[48;2;228;65;15m▀[38;2;228;65;17m[48;2;227;61;15m▀[38;2;228;65;15m[48;2;228;64;15m▀[38;2;212;36;16m[48;2;212;37;15m▀[38;2;236;86;15m[48;2;237;90;18m▀[38;2;239;93;18m[48;2;238;96;17m▀[38;2;232;80;18m[48;2;232;85;17m▀[38;2;207;26;17m[48;2;207;27;17m▀[38;2;223;61;19m[48;2;233;85;17m▀[38;2;239;91;17m[48;2;241;99;18m▀[38;2;218;42;16m[48;2;226;66;18m▀[38;2;242;99;19m[48;2;225;65;17m▀[38;2;231;73;16m[48;2;231;72;16m▀[38;2;231;64;17m[48;2;230;64;16m▀[38;2;235;115;18m[48;2;236;114;19m▀[38;2;243;165;21m[48;2;243;154;19m▀[38;2;240;103;18m[48;2;239;98;19m▀[38;2;239;84;15m[48;2;238;85;15m▀[38;2;217;46;18m[48;2;217;47;17m▀[49m    [0m
    [38;2;219;50;21m[48;2;218;51;21m▀[38;2;242;145;21m[48;2;239;95;16m▀[38;2;236;93;14m[48;2;239;92;16m▀[38;2;231;124;20m[48;2;225;72;17m▀[38;2;251;220;23m[48;2;252;226;24m▀[38;2;237;123;19m[48;2;243;147;22m▀[38;2;229;62;16m[48;2;232;70;17m▀[38;2;233;76;17m[48;2;233;76;17m▀[38;2;235;84;17m[48;2;235;84;15m▀[38;2;237;145;20m[48;2;238;150;20m▀[38;2;237;90;16m[48;2;239;94;16m▀[38;2;218;48;18m[48;2;239;96;16m▀[38;2;237;93;16m[48;2;238;94;16m▀[38;2;239;98;17m[48;2;239;96;16m▀[38;2;239;96;18m[48;2;239;95;18m▀[38;2;212;38;17m[48;2;213;37;17m▀[38;2;228;64;16m[48;2;228;64;16m▀[38;2;228;62;17m[48;2;228;62;16m▀[38;2;230;67;16m[48;2;229;66;14m▀[38;2;218;44;17m[48;2;210;31;18m▀[38;2;207;27;18m[48;2;208;26;18m▀[38;2;208;27;18m[48;2;221;52;16m▀[38;2;209;29;17m[48;2;227;62;15m▀[38;2;223;51;16m[48;2;222;52;16m▀[38;2;221;53;16m[48;2;212;35;17m▀[38;2;208;29;18m[48;2;207;28;18m▀[48;2;206;27;17m▀[38;2;221;51;16m[48;2;210;34;18m▀[38;2;223;51;17m[48;2;221;52;16m▀[38;2;209;30;17m[48;2;227;62;15m▀[38;2;206;27;17m[48;2;222;50;16m▀[38;2;208;27;18m[48;2;208;27;19m▀[38;2;218;42;17m[48;2;209;31;18m▀[38;2;230;66;15m[48;2;230;66;17m▀[38;2;228;61;16m[48;2;229;62;15m▀[38;2;229;64;16m[48;2;227;62;16m▀[38;2;212;37;16m[48;2;211;36;15m▀[38;2;238;93;17m[48;2;239;94;17m▀[38;2;240;96;16m[48;2;240;99;17m▀[38;2;238;94;17m[48;2;240;98;18m▀[38;2;217;49;17m[48;2;240;97;16m▀[38;2;238;93;16m[48;2;239;98;17m▀[38;2;241;114;20m[48;2;243;149;22m▀[38;2;234;85;16m[48;2;240;108;18m▀[38;2;213;28;16m[48;2;233;83;18m▀[38;2;223;64;15m[48;2;227;68;17m▀[38;2;231;88;17m[48;2;237;146;24m▀[38;2;232;86;17m[48;2;231;74;17m▀[38;2;236;108;17m[48;2;235;78;16m▀[38;2;240;96;19m[48;2;238;91;16m▀[38;2;238;88;16m[48;2;238;90;16m▀[38;2;218;47;17m[48;2;218;47;16m▀[49m    [0m
    [38;2;219;51;21m[48;2;218;51;21m▀[38;2;239;98;18m[48;2;240;100;19m▀[38;2;234;77;16m[48;2;232;65;17m▀[38;2;223;69;17m[48;2;223;67;17m▀[38;2;252;226;24m[48;2;252;227;25m▀[38;2;246;153;22m[48;2;246;154;23m▀[38;2;233;74;18m[48;2;233;74;18m▀[38;2;233;76;17m[48;2;233;77;17m▀[38;2;239;114;18m[48;2;242;137;21m▀[38;2;243;184;22m[48;2;249;213;22m▀[38;2;239;95;16m[48;2;236;87;15m▀[38;2;239;96;16m[48;2;237;89;16m▀[38;2;238;93;14m[48;2;239;97;17m▀[38;2;239;98;17m[48;2;240;102;18m▀[38;2;236;89;17m[48;2;220;56;16m▀[38;2;214;40;16m[48;2;224;54;16m▀[38;2;228;64;16m[48;2;228;63;16m▀[38;2;228;62;16m[48;2;229;63;17m▀[38;2;219;46;16m[48;2;216;40;16m▀[38;2;209;50;40m[48;2;218;102;96m▀[38;2;209;27;19m[48;2;209;29;23m▀[38;2;228;62;14m[48;2;212;35;17m▀[38;2;232;70;15m[48;2;228;59;14m▀[38;2;214;39;18m[48;2;210;30;16m▀[38;2;209;27;19m[48;2;210;28;18m▀[38;2;209;27;17m▀[38;2;208;27;19m[48;2;208;27;19m▀[38;2;207;27;18m[48;2;207;28;18m▀[38;2;214;38;17m[48;2;210;31;17m▀[38;2;231;69;15m[48;2;226;58;16m▀[38;2;227;62;16m[48;2;212;35;16m▀[38;2;207;26;18m[48;2;206;29;21m▀[38;2;210;49;41m[48;2;217;98;94m▀[38;2;218;45;16m[48;2;216;40;16m▀[38;2;228;62;15m[48;2;229;62;16m▀[48;2;228;62;16m▄[38;2;213;39;15m[48;2;225;55;16m▀[38;2;235;87;20m[48;2;219;54;16m▀[38;2;240;99;18m[48;2;240;114;19m▀[38;2;240;105;17m[48;2;243;152;21m▀[38;2;238;91;17m[48;2;239;91;18m▀[38;2;236;88;16m[48;2;236;88;17m▀[38;2;241;98;19m[48;2;241;105;18m▀[38;2;241;102;18m[48;2;242;105;18m▀[38;2;240;97;17m[48;2;240;96;18m▀[38;2;228;59;15m[48;2;229;61;16m▀[38;2;239;149;22m[48;2;239;151;21m▀[38;2;231;77;15m[48;2;239;138;21m▀[38;2;236;84;15m[48;2;237;87;17m▀[38;2;240;99;18m[48;2;241;101;19m▀[38;2;239;96;17m[48;2;240;99;20m▀[38;2;218;47;17m[48;2;218;49;18m▀[49m    [0m
    [38;2;218;52;22m[48;2;219;51;22m▀[38;2;240;105;19m[48;2;240;110;19m▀[38;2;235;117;19m[48;2;245;188;21m▀[38;2;235;147;23m[48;2;249;212;24m▀[38;2;252;227;27m[48;2;251;227;25m▀[38;2;246;155;22m[48;2;246;155;22m▀[38;2;233;73;17m[48;2;233;73;17m▀[38;2;234;77;17m[48;2;233;77;18m▀[38;2;240;107;19m[48;2;240;98;17m▀[38;2;241;127;19m[48;2;240;100;17m▀[38;2;237;87;17m[48;2;239;101;17m▀[38;2;237;85;17m[48;2;238;90;18m▀[38;2;240;99;18m[48;2;240;97;18m▀[38;2;237;94;18m[48;2;232;83;19m▀[38;2;215;41;15m[48;2;219;46;16m▀[38;2;226;60;15m[48;2;228;62;15m▀[38;2;228;63;16m▀[38;2;228;63;17m[48;2;226;59;16m▀[38;2;214;41;16m[48;2;225;114;103m▀[49m [38;2;227;131;127m▀[38;2;208;28;18m[48;2;211;43;35m▀[38;2;215;37;18m[48;2;209;27;19m▀[38;2;209;27;17m[48;2;209;28;17m▀[38;2;210;28;18m[48;2;210;29;19m▀[48;2;210;29;18m▀[38;2;209;26;18m[48;2;209;28;17m▀[38;2;209;28;18m[48;2;210;28;18m▀[38;2;209;27;18m[48;2;207;27;17m▀[38;2;215;38;19m[48;2;207;27;18m▀[38;2;208;28;18m[48;2;210;44;35m▀[38;2;225;129;125m[49m▀ [38;2;216;41;17m[48;2;227;115;106m▀[38;2;228;63;17m[48;2;226;61;16m▀[38;2;229;63;16m[48;2;228;62;15m▀[38;2;225;60;17m[48;2;228;61;15m▀[38;2;213;40;15m[48;2;218;45;15m▀[38;2;236;100;18m[48;2;231;81;19m▀[38;2;241;129;19m[48;2;241;104;19m▀[38;2;238;93;17m[48;2;237;94;18m▀[38;2;236;88;17m[48;2;236;87;17m▀[38;2;243;139;20m[48;2;245;164;20m▀[38;2;242;117;20m[48;2;243;125;20m▀[38;2;242;105;20m[48;2;243;108;20m▀[38;2;231;69;18m[48;2;232;73;17m▀[38;2;239;150;20m[48;2;239;150;20m▀[38;2;245;176;21m[48;2;244;177;21m▀[38;2;237;87;17m[48;2;237;109;17m▀[38;2;242;100;20m[48;2;242;131;19m▀[38;2;242;101;19m[48;2;241;99;19m▀[38;2;219;50;18m[48;2;219;49;18m▀[49m    [0m
    [38;2;219;52;21m[48;2;219;51;21m▀[38;2;240;109;19m[48;2;241;101;18m▀[38;2;252;230;24m[48;2;245;176;22m▀[38;2;252;229;24m[48;2;253;228;25m▀[38;2;252;227;24m[48;2;244;178;22m▀[38;2;247;154;24m[48;2;240;155;21m▀[38;2;239;91;17m[48;2;242;132;20m▀[38;2;238;92;17m[48;2;241;101;18m▀[38;2;241;104;18m[48;2;240;104;20m▀[38;2;243;129;20m[48;2;242;128;19m▀[38;2;244;144;21m[48;2;241;139;20m▀[38;2;239;93;17m[48;2;236;86;16m▀[38;2;239;99;18m[48;2;239;96;18m▀[38;2;232;81;19m[48;2;219;51;17m▀[38;2;221;49;15m[48;2;221;53;16m▀[38;2;228;63;16m[48;2;227;63;16m▀[38;2;227;62;17m▄[38;2;226;58;15m[48;2;226;58;16m▀[49m   [38;2;215;69;63m[48;2;226;126;120m▀[38;2;210;27;18m[48;2;210;27;17m▀[38;2;210;28;18m[48;2;210;28;18m▀[38;2;210;30;19m[48;2;211;29;19m▀[38;2;209;30;18m[48;2;209;29;18m▀[38;2;210;28;18m[48;2;209;28;18m▀[48;2;210;28;18m▀[38;2;209;27;17m[48;2;209;28;18m▀[38;2;208;27;17m▀[38;2;217;71;64m[48;2;226;127;122m▀[49m   [38;2;226;58;16m[48;2;225;58;16m▀[38;2;228;62;16m[48;2;228;62;17m▀[38;2;227;61;15m[48;2;227;61;14m▀[38;2;220;49;14m[48;2;222;52;16m▀[38;2;232;80;19m[48;2;217;50;18m▀[38;2;242;102;19m[48;2;241;101;18m▀[38;2;239;95;18m[48;2;239;95;17m▀[38;2;236;87;16m[48;2;241;130;20m▀[38;2;244;162;19m[48;2;250;218;22m▀[38;2;242;131;21m[48;2;248;199;25m▀[38;2;244;111;20m[48;2;243;119;19m▀[38;2;233;88;17m[48;2;236;129;17m▀[38;2;241;164;22m[48;2;252;225;24m▀[38;2;245;175;21m[48;2;245;176;20m▀[38;2;242;151;18m[48;2;242;153;19m▀[38;2;247;190;19m[48;2;248;190;22m▀[38;2;241;99;19m[48;2;241;100;18m▀[38;2;219;50;18m[48;2;219;50;18m▀[49m    [0m
    [38;2;219;51;22m[48;2;219;51;22m▀[38;2;241;99;19m[48;2;241;97;18m▀[38;2;246;164;21m[48;2;246;163;22m▀[38;2;252;227;25m[48;2;252;227;26m▀[38;2;246;192;25m[48;2;252;226;27m▀[38;2;245;183;22m[48;2;252;226;24m▀[38;2;244;138;20m[48;2;244;136;22m▀[38;2;240;99;17m[48;2;241;100;19m▀[38;2;242;117;19m[48;2;242;133;19m▀[38;2;246;177;23m[48;2;252;227;24m▀[38;2;241;139;19m[48;2;241;138;21m▀[38;2;236;87;17m[48;2;238;87;17m▀[38;2;241;99;18m[48;2;233;79;18m▀[38;2;220;51;18m[48;2;217;44;17m▀[38;2;228;62;16m[48;2;228;64;15m▀[38;2;227;63;16m[48;2;227;62;16m▀[38;2;228;64;16m[48;2;229;64;17m▀[38;2;227;60;16m[48;2;229;84;43m▀[49m   [38;2;211;52;45m[48;2;212;53;46m▀[38;2;209;28;18m[48;2;208;28;19m▀[38;2;208;27;18m[48;2;209;26;18m▀[38;2;209;27;18m[48;2;209;27;18m▀[38;2;210;28;19m[48;2;208;27;18m▀[38;2;207;27;18m[48;2;208;27;17m▀[48;2;208;26;18m▀[38;2;208;28;19m[48;2;209;27;18m▀[38;2;210;29;19m[48;2;210;28;19m▀[38;2;211;52;45m[48;2;212;54;44m▀[49m   [38;2;226;57;16m[48;2;230;86;46m▀[38;2;229;62;15m[48;2;229;62;16m▀[38;2;228;62;15m[48;2;228;62;16m▀[48;2;228;62;17m▀[38;2;219;50;16m[48;2;215;42;15m▀[38;2;242;101;19m[48;2;232;79;17m▀[38;2;239;93;18m[48;2;238;91;17m▀[38;2;242;137;19m[48;2;241;137;19m▀[38;2;252;227;23m[48;2;252;227;23m▀[38;2;248;199;25m[48;2;248;199;25m▀[38;2;242;101;19m[48;2;242;101;20m▀[38;2;235;105;18m[48;2;233;105;17m▀[38;2;252;226;23m[48;2;252;227;22m▀[38;2;246;175;22m[48;2;245;177;22m▀[38;2;242;153;21m[48;2;243;153;20m▀[38;2;248;189;22m[48;2;248;190;22m▀[38;2;241;101;18m[48;2;242;101;19m▀[38;2;219;50;18m[48;2;219;51;18m▀[49m    [0m
    [38;2;221;51;24m▀[38;2;240;95;17m[48;2;227;79;44m▀[38;2;245;163;22m[48;2;243;145;21m▀[38;2;251;226;25m[48;2;253;227;25m▀[38;2;253;226;25m[48;2;253;225;24m▀[38;2;252;225;26m[48;2;253;223;23m▀[38;2;243;135;21m[48;2;244;135;21m▀[38;2;241;98;18m[48;2;240;99;16m▀[38;2;240;122;21m[48;2;237;89;19m▀[38;2;244;185;23m[48;2;226;61;18m▀[38;2;240;124;20m[48;2;236;87;18m▀[38;2;233;79;18m[48;2;226;62;16m▀[38;2;222;79;57m[49m▀[38;2;213;35;17m[48;2;219;43;17m▀[38;2;228;64;15m[48;2;229;63;16m▀[38;2;226;61;15m[48;2;227;61;15m▀[38;2;228;64;16m[48;2;225;57;16m▀[38;2;221;75;49m[49m▀   [38;2;212;53;45m[48;2;211;53;45m▀[38;2;209;28;19m[48;2;209;28;18m▀[38;2;209;26;17m[48;2;208;26;18m▀[38;2;208;27;17m▀[38;2;207;27;18m[48;2;208;28;18m▀[38;2;208;27;18m▀[38;2;209;28;18m[48;2;209;28;18m▀[38;2;208;27;19m[48;2;208;27;17m▀[38;2;210;28;19m[48;2;210;29;18m▀[38;2;213;55;45m[48;2;213;54;44m▀[49m   [38;2;221;75;53m▀[38;2;228;63;15m[48;2;226;57;14m▀[38;2;227;62;15m[48;2;228;63;16m▀[38;2;229;61;15m[48;2;229;62;16m▀[38;2;212;34;15m[48;2;218;42;15m▀[38;2;221;78;56m[49m▀[38;2;236;87;17m[48;2;227;62;16m▀[38;2;240;126;21m[48;2;236;90;19m▀[38;2;245;188;23m[48;2;228;66;17m▀[38;2;245;172;24m[48;2;239;94;18m▀[38;2;241;101;18m[48;2;241;103;18m▀[38;2;237;121;20m[48;2;245;142;22m▀[38;2;252;227;23m[48;2;252;227;22m▀[38;2;246;177;22m[48;2;244;177;22m▀[38;2;243;154;20m[48;2;242;155;19m▀[38;2;245;173;23m[48;2;243;140;20m▀[38;2;242;100;20m[48;2;226;83;43m▀[38;2;220;51;19m[49m▀    [0m
     [38;2;224;74;56m[48;2;224;74;57m▀[38;2;243;142;20m[48;2;244;141;21m▀[38;2;252;227;24m[48;2;253;227;26m▀[38;2;252;224;25m[48;2;252;224;24m▀[38;2;252;223;23m▄[38;2;245;136;22m[48;2;245;155;25m▀[38;2;240;99;18m[48;2;240;101;20m▀[38;2;242;136;76m[48;2;243;139;81m▀[49m [38;2;235;111;77m▀[38;2;236;138;112m▀ [38;2;218;44;17m[48;2;218;43;17m▀[38;2;229;62;16m[48;2;227;60;15m▀[38;2;228;63;15m[48;2;228;63;15m▀[38;2;226;77;43m[48;2;235;130;106m▀[49m    [38;2;213;52;44m[48;2;220;54;26m▀[38;2;209;27;18m[48;2;214;37;16m▀[38;2;208;26;18m[48;2;207;27;18m▀[38;2;208;27;18m[48;2;208;27;18m▀[38;2;208;28;18m[48;2;208;28;18m▀[38;2;208;27;19m[48;2;207;28;17m▀[38;2;209;28;17m[48;2;209;28;18m▀[38;2;209;26;18m[48;2;208;27;19m▀[38;2;209;28;19m[48;2;214;37;17m▀[38;2;214;53;45m[48;2;221;54;26m▀[49m    [38;2;228;79;44m[48;2;236;133;106m▀[38;2;229;62;16m[48;2;229;63;16m▀[48;2;228;62;16m▀[38;2;218;42;16m[48;2;218;42;16m▀[49m [38;2;237;140;111m▀[38;2;233;112;73m▀ [38;2;243;139;76m[48;2;245;143;84m▀[38;2;242;104;19m[48;2;243;104;19m▀[38;2;245;142;22m[48;2;245;143;23m▀[38;2;252;227;23m[48;2;252;228;24m▀[38;2;251;223;22m[48;2;252;228;22m▀[38;2;250;221;22m[48;2;249;204;22m▀[38;2;243;139;19m[48;2;243;123;19m▀[38;2;223;76;53m[48;2;222;75;54m▀[49m     [0m
     [38;2;223;72;55m▀[38;2;244;141;22m[48;2;228;108;21m▀[38;2;252;228;26m[48;2;252;230;26m▀[38;2;253;224;24m[48;2;253;228;25m▀[38;2;252;222;23m[48;2;252;223;24m▀[38;2;253;225;23m[48;2;252;223;25m▀[38;2;238;100;17m[48;2;225;90;52m▀[38;2;231;102;77m[49m▀   [38;2;227;124;117m▄[38;2;221;48;16m[48;2;227;61;16m▀[38;2;227;62;15m[48;2;228;62;16m▀[38;2;226;63;16m[48;2;226;62;17m▀[49m    [38;2;225;114;109m[48;2;222;104;97m▀[38;2;226;58;15m[48;2;226;59;16m▀[38;2;222;51;16m[48;2;228;62;15m▀[38;2;211;31;18m[48;2;215;38;17m▀[38;2;209;27;18m[48;2;208;27;18m▀[38;2;209;28;18m[48;2;209;30;18m▀[38;2;208;28;18m[48;2;210;30;19m▀[38;2;209;29;18m[48;2;209;29;18m▀[38;2;211;30;18m[48;2;216;39;17m▀[38;2;221;50;16m[48;2;228;62;15m▀[38;2;225;59;15m[48;2;225;58;17m▀[38;2;224;112;107m[48;2;221;102;96m▀[49m    [38;2;229;63;17m[48;2;227;64;18m▀[38;2;229;63;16m[48;2;229;63;16m▀[38;2;222;48;16m[48;2;227;59;16m▀[38;2;227;123;117m[49m▄   [38;2;233;107;80m▀[38;2;240;95;20m[48;2;226;83;53m▀[38;2;246;144;22m[48;2;246;145;23m▀[38;2;251;228;23m[48;2;251;228;22m▀[38;2;252;228;22m[48;2;252;228;24m▀[38;2;246;169;22m[48;2;247;169;21m▀[38;2;242;98;20m[48;2;225;63;18m▀[38;2;223;75;54m[49m▀     [0m
      [38;2;221;58;17m[48;2;223;51;17m▀[38;2;247;178;23m[48;2;247;171;23m▀[38;2;252;229;26m[48;2;252;226;26m▀[38;2;252;225;26m▄[38;2;252;223;27m[48;2;252;226;28m▀[38;2;224;88;62m[48;2;224;89;64m▀[49m    [38;2;227;124;117m[48;2;227;124;117m▀[38;2;227;61;16m[48;2;228;60;16m▀[38;2;229;62;15m[48;2;229;61;16m▀[38;2;227;62;15m[48;2;227;60;15m▀[38;2;230;117;86m[48;2;230;101;67m▀[49m   [38;2;211;32;18m[48;2;223;51;15m▀[38;2;227;59;15m[48;2;228;62;16m▀[38;2;228;63;16m[48;2;228;63;16m▀[38;2;215;38;17m[48;2;215;38;16m▀[38;2;210;28;18m[48;2;210;28;19m▀[38;2;210;29;19m[48;2;211;29;19m▀[48;2;209;29;19m▄[38;2;209;29;18m[48;2;210;28;19m▀[38;2;215;38;17m[48;2;215;38;17m▀[38;2;228;62;15m[48;2;228;62;16m▀[38;2;227;60;17m[48;2;228;63;16m▀[38;2;209;31;17m[48;2;223;51;17m▀[49m   [38;2;232;118;88m[48;2;233;105;70m▀[38;2;229;63;17m[48;2;228;59;15m▀[38;2;229;62;16m[48;2;230;62;16m▀[38;2;227;60;15m[48;2;229;59;18m▀[38;2;228;122;116m[48;2;227;123;117m▀[49m    [38;2;225;82;65m[48;2;226;82;65m▀[38;2;247;144;23m[48;2;246;146;23m▀[38;2;252;228;23m[48;2;252;227;23m▀[38;2;252;226;21m[48;2;252;226;22m▀[38;2;247;169;22m[48;2;247;171;23m▀[38;2;223;52;15m[48;2;223;55;17m▀[49m      [0m
      [38;2;229;107;86m▀[38;2;237;123;22m[48;2;227;57;15m▀[38;2;250;218;24m[48;2;249;206;24m▀[38;2;252;226;26m[48;2;252;227;27m▀[38;2;247;184;27m[48;2;241;128;23m▀[38;2;234;152;134m[49m▀    [38;2;228;124;116m[48;2;228;125;117m▀[38;2;228;61;16m[48;2;225;57;15m▀[38;2;229;69;26m[48;2;233;110;76m▀[38;2;224;75;50m[49m▀[38;2;232;103;68m[48;2;228;74;35m▀[49m   [38;2;223;51;16m[48;2;223;51;16m▀[38;2;228;62;16m[48;2;229;61;16m▀[38;2;227;61;15m[48;2;228;61;15m▀[38;2;225;57;16m[48;2;226;59;15m▀[38;2;210;28;18m[48;2;208;27;17m▀[38;2;211;29;19m[48;2;210;29;19m▀[38;2;210;30;20m[48;2;211;28;19m▀[38;2;210;28;18m[48;2;208;28;17m▀[38;2;225;59;15m[48;2;227;60;15m▀[38;2;229;62;15m[48;2;227;60;16m▀[38;2;227;62;16m[48;2;228;61;15m▀[38;2;223;51;17m[48;2;222;51;16m▀[49m   [38;2;233;107;70m[48;2;228;75;33m▀[38;2;224;75;50m[49m▀[38;2;229;70;26m[48;2;233;109;74m▀[38;2;229;60;17m[48;2;225;54;15m▀[38;2;227;124;117m[48;2;227;125;117m▀[49m    [38;2;235;146;135m▀[38;2;244;142;24m[48;2;242;135;23m▀[38;2;252;227;24m[48;2;252;227;23m▀[38;2;249;217;23m[48;2;248;204;22m▀[38;2;237;119;22m[48;2;224;53;15m▀[38;2;229;106;83m[49m▀      [0m
       [38;2;228;57;16m[48;2;228;58;16m▀[38;2;249;206;24m[48;2;249;207;25m▀[38;2;252;228;26m[48;2;253;227;26m▀[38;2;240;126;20m[48;2;241;126;19m▀[49m     [38;2;229;124;118m▀[38;2;224;49;15m[48;2;217;40;18m▀[38;2;233;110;74m[48;2;226;63;21m▀[38;2;225;128;122m[49m▄[38;2;230;94;69m▀  [38;2;214;39;18m[48;2;215;40;19m▀[38;2;228;62;15m[48;2;230;63;16m▀[38;2;230;62;16m[48;2;229;62;16m▀[38;2;229;61;16m▀[38;2;227;60;15m[48;2;226;59;16m▀[38;2;207;26;17m[48;2;208;26;16m▀[38;2;208;28;18m[48;2;210;28;18m▀[38;2;208;27;18m[48;2;210;27;18m▀[38;2;207;27;17m[48;2;207;27;17m▀[38;2;227;60;16m[48;2;226;60;15m▀[38;2;229;60;16m[48;2;228;61;16m▀[38;2;229;62;16m▀[38;2;228;61;14m[48;2;229;63;16m▀[38;2;212;38;19m[48;2;213;40;18m▀[49m  [38;2;230;95;70m▀[38;2;228;126;121m▄[38;2;234;109;74m[48;2;228;63;20m▀[38;2;221;44;17m[48;2;214;37;16m▀[38;2;228;124;118m[49m▀     [38;2;243;137;24m[48;2;240;130;23m▀[38;2;252;227;24m[48;2;252;227;23m▀[38;2;249;205;22m[48;2;249;205;25m▀[38;2;224;52;15m[48;2;226;52;15m▀[49m       [0m
       [38;2;236;145;131m▀[38;2;239;161;23m[48;2;239;152;21m▀[38;2;252;228;26m[48;2;252;229;25m▀[38;2;241;127;20m[48;2;243;128;20m▀[49m      [38;2;223;98;87m▀[38;2;223;53;14m[48;2;220;74;66m▀[38;2;226;56;19m[48;2;230;115;96m▀[49m   [38;2;215;40;16m[48;2;216;38;16m▀[38;2;230;62;15m[48;2;229;61;15m▀[38;2;229;61;16m[48;2;229;62;17m▀[38;2;229;63;16m▀[38;2;228;59;15m[48;2;223;52;16m▀[38;2;217;79;73m[48;2;222;111;104m▀[38;2;216;68;61m[48;2;220;92;87m▀[38;2;215;67;59m[48;2;219;89;82m▀[38;2;218;81;75m[48;2;225;111;107m▀[38;2;227;60;16m[48;2;222;53;15m▀[38;2;229;62;16m[48;2;229;62;16m▀[38;2;228;60;16m[48;2;228;61;16m▀[38;2;228;62;15m[48;2;229;64;16m▀[38;2;213;39;15m[48;2;214;38;16m▀[49m   [38;2;224;59;20m[48;2;229;117;97m▀[38;2;225;51;14m[48;2;218;71;63m▀[38;2;222;98;87m[49m▀      [38;2;239;127;22m[48;2;239;127;24m▀[38;2;252;228;23m[48;2;252;228;25m▀[38;2;238;161;23m[48;2;237;152;22m▀[38;2;233;139;127m[49m▀       [0m
        [38;2;233;118;20m[48;2;228;79;42m▀[38;2;253;227;25m[48;2;248;208;25m▀[38;2;242;128;21m[48;2;242;128;20m▀[49m            [38;2;218;43;15m[48;2;218;44;15m▀[38;2;229;61;16m[48;2;229;62;16m▀[38;2;228;60;17m[48;2;229;61;15m▀[38;2;229;62;16m[48;2;230;63;16m▀[38;2;216;41;22m[48;2;216;48;28m▀[49m  [38;2;230;144;139m▀ [38;2;215;42;23m[48;2;216;52;32m▀[38;2;228;62;16m[48;2;229;64;16m▀[38;2;228;60;17m[48;2;228;61;17m▀[38;2;229;61;16m[48;2;229;61;16m▀[38;2;219;42;15m[48;2;218;43;16m▀[49m            [38;2;238;125;22m[48;2;239;123;23m▀[38;2;251;224;26m[48;2;247;203;26m▀[38;2;228;104;20m[48;2;224;69;41m▀[49m        [0m
        [38;2;234;134;125m▀[38;2;238;151;22m[48;2;238;149;31m▀[38;2;240;127;19m[48;2;240;123;20m▀[49m            [38;2;218;44;16m[48;2;218;44;16m▀[38;2;229;62;16m[48;2;228;62;16m▀[38;2;228;62;15m▄[38;2;229;64;17m[48;2;221;50;17m▀[38;2;216;48;28m[49m▀    [38;2;217;51;33m▀[38;2;229;63;16m[48;2;222;49;16m▀[38;2;228;61;16m[48;2;228;63;14m▀[38;2;229;61;16m[48;2;229;61;15m▀[38;2;220;44;15m[48;2;220;44;14m▀[49m            [38;2;240;123;22m[48;2;239;121;24m▀[38;2;238;148;21m[48;2;236;148;30m▀[38;2;231;128;120m[48;2;232;137;130m▀[49m        [0m
         [38;2;230;117;103m[48;2;231;126;118m▀[38;2;233;79;18m[48;2;234;79;24m▀[49m            [38;2;218;43;16m[48;2;218;45;16m▀[38;2;228;61;16m[48;2;229;62;17m▀[38;2;228;61;15m[48;2;227;61;16m▀[38;2;220;45;17m[48;2;219;64;46m▀[49m      [48;2;220;64;46m▀[38;2;227;61;15m[48;2;227;61;16m▀[38;2;229;62;15m[48;2;228;62;15m▀[38;2;218;43;14m[48;2;219;44;16m▀[49m            [38;2;232;74;20m[48;2;231;74;23m▀[38;2;229;116;101m[48;2;232;123;116m▀[49m         [0m
          [38;2;223;87;77m[48;2;226;88;79m▀[49m           [38;2;219;86;81m[48;2;210;35;26m▀[38;2;219;45;16m[48;2;224;52;16m▀[38;2;227;64;15m[48;2;222;50;16m▀[38;2;226;58;15m[48;2;223;50;15m▀[38;2;223;112;107m[48;2;224;112;106m▀[49m      [38;2;223;111;106m[48;2;224;111;107m▀[38;2;227;59;15m[48;2;222;52;15m▀[38;2;229;62;15m[48;2;222;49;15m▀[38;2;220;45;16m▀[38;2;218;88;81m[48;2;211;34;26m▀[49m           [38;2;221;88;77m[48;2;222;88;79m▀[49m          [0m
                      [38;2;210;27;19m[48;2;209;28;18m▀[38;2;218;43;16m[48;2;209;29;17m▀[38;2;221;48;16m[48;2;210;29;19m▀[38;2;211;30;17m[48;2;210;28;19m▀[38;2;210;42;35m[48;2;210;27;19m▀[49m      [38;2;211;44;36m[48;2;209;28;18m▀[38;2;210;31;17m[48;2;210;28;18m▀[38;2;222;48;15m[48;2;210;29;18m▀[38;2;218;44;15m[48;2;209;28;18m▀[38;2;210;27;19m[48;2;209;26;18m▀[49m                      [0m
                      [38;2;209;28;19m[48;2;209;28;18m▀[38;2;210;28;18m[48;2;210;29;19m▀[38;2;209;28;18m[48;2;209;29;19m▀[38;2;210;28;18m[48;2;210;28;19m▀[48;2;211;28;19m▄[49m      [48;2;209;28;18m▀[38;2;210;29;19m[48;2;210;29;19m▀[38;2;210;29;18m[48;2;211;29;19m▀[38;2;209;28;19m[48;2;210;29;19m▀[38;2;208;27;18m[48;2;208;27;18m▀[49m                      [0m
                      [38;2;209;29;19m[48;2;210;28;19m▀[38;2;210;29;19m[48;2;210;29;20m▀[38;2;209;29;19m[48;2;210;28;19m▀[38;2;210;29;19m▀[38;2;217;76;70m[48;2;224;112;107m▀[49m      [38;2;218;77;70m[48;2;225;111;106m▀[38;2;209;29;19m[48;2;209;28;18m▀[38;2;211;29;20m[48;2;211;29;19m▀[38;2;210;29;19m[48;2;209;28;18m▀[38;2;209;28;19m[48;2;211;28;19m▀[49m                      [0m
                     [38;2;222;100;94m▄[38;2;210;29;18m[48;2;209;29;19m▀[38;2;211;30;19m[48;2;210;30;19m▀[38;2;211;29;19m[48;2;210;29;18m▀[38;2;211;44;35m[48;2;214;62;56m▀[49m        [48;2;215;64;57m▀[38;2;210;29;19m[48;2;210;29;18m▀[38;2;208;27;18m[48;2;208;28;18m▀[38;2;210;28;18m[48;2;211;28;19m▀[38;2;221;100;93m[49m▄                     [0m
                     [38;2;210;27;18m[48;2;210;27;18m▀[38;2;211;29;20m[48;2;211;29;20m▀[48;2;210;29;19m▀[38;2;209;28;18m[48;2;209;27;18m▀[38;2;214;63;56m[48;2;214;64;58m▀[49m        [38;2;215;64;58m[48;2;216;64;57m▀[38;2;209;29;19m[48;2;209;28;18m▀[38;2;210;29;19m[48;2;210;29;20m▀[48;2;210;28;18m▄[38;2;208;27;17m[48;2;209;26;19m▀[49m                     [0m
                     [38;2;209;26;19m[48;2;210;28;20m▀[38;2;211;29;19m[48;2;210;28;19m▀[38;2;210;28;19m▀[38;2;209;28;18m[48;2;209;27;18m▀[38;2;215;63;57m[48;2;214;65;57m▀[49m        [38;2;215;64;58m[48;2;216;64;58m▀[38;2;209;28;18m[48;2;207;27;17m▀[38;2;210;30;19m[48;2;209;29;18m▀[38;2;210;29;18m[48;2;208;29;18m▀[38;2;210;27;18m[48;2;209;27;17m▀[49m                     [0m
                   [38;2;224;111;104m▄[38;2;215;72;65m[48;2;212;31;16m▀[38;2;210;27;19m[48;2;209;28;17m▀[38;2;214;34;16m▄[38;2;210;29;20m[48;2;211;30;18m▀[38;2;210;28;19m[48;2;210;28;20m▀[38;2;216;78;70m[48;2;228;135;130m▀[49m        [38;2;217;78;70m[48;2;229;136;131m▀[38;2;208;26;18m[48;2;209;27;17m▀[38;2;208;27;18m[48;2;209;30;17m▀[38;2;209;27;17m[48;2;213;35;16m▀[38;2;208;28;18m[48;2;210;29;19m▀[38;2;216;71;64m[48;2;213;32;18m▀[38;2;223;113;108m[49m▄                   [0m
                  [38;2;222;92;83m▄[38;2;209;29;19m[48;2;210;29;19m▀[38;2;222;49;15m[48;2;223;50;17m▀[38;2;214;35;16m[48;2;214;35;17m▀[38;2;227;60;16m[48;2;228;60;16m▀[38;2;216;36;17m[48;2;216;37;17m▀[38;2;210;28;19m[48;2;211;28;18m▀[38;2;229;134;130m[48;2;229;136;131m▀[49m        [38;2;230;136;131m[48;2;230;136;131m▀[38;2;210;28;18m[48;2;211;28;18m▀[38;2;216;36;16m[48;2;215;38;16m▀[38;2;227;58;14m[48;2;227;58;14m▀[38;2;213;34;16m[48;2;214;34;16m▀[38;2;223;50;14m[48;2;224;51;16m▀[38;2;207;28;19m[48;2;211;28;18m▀[38;2;222;91;86m[49m▄                  [0m
                  [38;2;223;91;84m▀[38;2;210;27;17m▀[38;2;224;48;16m▀[38;2;214;35;15m▀[38;2;228;58;16m▀[38;2;217;37;15m▀[38;2;211;27;18m▀[38;2;230;136;131m▀        [38;2;229;136;131m▀[38;2;210;28;17m▀[38;2;215;37;15m▀[38;2;227;57;15m▀[38;2;214;34;14m▀[38;2;224;51;17m▀[38;2;211;27;19m▀[38;2;222;91;85m▀                  [0m
                                                            [0m
                                                            [0m