                                                            [0m
                                                            [0m
                                                            [0m
          [38;2;139;161;180m▄[38;2;203;214;222m▄                                                [0m
          [38;2;141;165;186m[48;2;195;208;217m▀[38;2;252;252;252m[48;2;248;251;250m▀[38;2;206;218;226m[48;2;249;251;250m▀[38;2;218;230;235m[49m▄                                       [38;2;227;227;228m▄[38;2;239;241;240m▄     [0m
          [38;2;216;225;232m[48;2;216;225;232m▀[38;2;190;247;247m[48;2;165;245;247m▀[38;2;191;247;247m[48;2;60;234;246m▀[38;2;245;252;251m[48;2;196;245;247m▀[38;2;196;219;226m[48;2;237;253;251m▀[38;2;149;182;198m[49m▄                                  [38;2;215;216;217m▄[38;2;167;166;171m[48;2;217;211;237m▀[38;2;246;245;249m[48;2;105;81;214m▀[38;2;203;235;245m[48;2;69;147;232m▀[38;2;88;121;144m[49m▀     [0m
          [38;2;238;242;244m[48;2;251;252;252m▀[38;2;150;238;247m[48;2;135;232;246m▀[38;2;87;230;244m[48;2;133;234;248m▀[38;2;62;217;243m[48;2;141;233;246m▀[38;2;191;241;247m[48;2;59;183;239m▀[38;2;225;252;251m[48;2;225;251;251m▀[49m                               [38;2;136;135;144m▄[38;2;130;128;138m[48;2;242;239;247m▀[38;2;241;240;243m[48;2;129;104;218m▀[38;2;190;177;232m[48;2;71;55;221m▀[38;2;84;61;219m[48;2;61;121;234m▀[38;2;64;125;239m[48;2;59;168;249m▀[38;2;42;107;167m[49m▀      [0m
          [38;2;250;252;252m[48;2;250;252;251m▀[38;2;81;216;245m[48;2;66;207;246m▀[38;2;140;232;247m[48;2;146;232;247m▀[38;2;195;248;250m[48;2;193;247;251m▀[38;2;42;142;233m[48;2;41;140;234m▀[38;2;221;251;250m[48;2;217;250;251m▀[49m             [38;2;133;133;137m[48;2;183;184;186m▀[49m     [38;2;179;179;181m[48;2;158;158;162m▀[49m          [38;2;244;245;245m▄[38;2;244;244;247m[48;2;136;112;222m▀[38;2;141;117;223m[48;2;74;47;227m▀[38;2;72;54;228m[48;2;71;120;240m▀[38;2;64;119;239m[48;2;63;164;248m▀[38;2;58;165;247m[48;2;60;165;248m▀[38;2;58;166;248m[48;2;57;152;230m▀[49m       [0m
          [38;2;250;252;252m[48;2;235;242;243m▀[38;2;69;202;245m[48;2;193;234;247m▀[38;2;94;208;244m[48;2;26;175;243m▀[38;2;189;247;249m[48;2;102;200;242m▀[38;2;40;140;233m[48;2;28;131;234m▀[38;2;217;251;250m[48;2;195;239;244m▀[49m            [38;2;193;194;196m▄[38;2;135;135;139m▀   [38;2;200;200;200m▄[38;2;229;230;231m[48;2;223;228;229m▀[49m         [38;2;206;206;210m▄[38;2;229;228;234m[48;2;164;146;227m▀[38;2;140;117;225m[48;2;76;48;228m▀[38;2;76;52;227m[48;2;78;128;243m▀[38;2;74;127;241m[48;2;74;151;246m▀[38;2;67;158;246m[48;2;72;158;247m▀[38;2;65;162;249m[48;2;70;160;247m▀[38;2;64;165;248m[48;2;68;163;247m▀[38;2;59;146;219m[48;2;62;145;218m▀[49m       [0m
    [38;2;174;174;179m▀[38;2;249;250;251m[48;2;134;198;218m▀[38;2;185;186;191m[48;2;203;240;247m▀[38;2;234;238;237m[49m▄[38;2;136;150;164m▄  [38;2;248;251;251m[48;2;156;187;208m▀[38;2;172;224;245m[48;2;246;252;252m▀[38;2;15;141;243m[48;2;32;135;240m▀[38;2;6;117;243m[48;2;4;115;245m▀[38;2;148;206;239m[48;2;97;172;237m▀[38;2;139;188;205m[48;2;191;231;235m▀[49m          [38;2;132;137;139m[48;2;166;213;221m▀[38;2;174;216;231m[48;2;37;105;155m▀[49m [38;2;144;145;149m[48;2;218;217;230m▀[38;2;229;236;237m[49m▄[38;2;203;206;207m[48;2;170;235;242m▀[38;2;179;228;238m[48;2;39;129;154m▀[49m      [38;2;138;138;144m▄[38;2;188;188;191m[48;2;137;137;143m▀[49m [38;2;154;154;161m[48;2;219;216;236m▀[38;2;188;175;233m[48;2;98;62;224m▀[38;2;76;37;226m[48;2;81;97;241m▀[38;2;78;106;239m[48;2;81;130;244m▀[38;2;77;140;245m[48;2;79;142;246m▀[38;2;75;151;245m[48;2;77;153;246m▀[38;2;73;156;246m[48;2;77;157;246m▀[38;2;74;160;247m[48;2;77;160;246m▀[38;2;72;162;247m[48;2;75;162;246m▀[38;2;65;145;218m[48;2;69;154;230m▀[49m       [0m
     [38;2;34;87;130m▀[38;2;74;126;236m[48;2;59;148;222m▀[38;2;113;110;225m[48;2;63;114;241m▀[38;2;197;217;240m[48;2;77;84;233m▀[38;2;142;193;207m[48;2;123;175;238m▀[38;2;141;222;236m[49m▄ [38;2;234;253;250m[48;2;195;226;233m▀[38;2;77;163;238m[48;2;137;198;238m▀[38;2;5;114;244m[48;2;5;115;242m▀[38;2;33;126;238m[48;2;7;110;239m▀[38;2;211;251;249m[48;2;171;222;242m▀[38;2;116;164;186m[49m▄       [38;2;136;137;141m▄[38;2;183;184;184m[48;2;159;207;232m▀[38;2;115;189;228m[48;2;99;136;210m▀[38;2;104;110;198m[48;2;242;243;246m▀[38;2;194;192;215m[48;2;176;166;222m▀[38;2;124;171;224m[48;2;50;188;236m▀[38;2;143;213;238m[48;2;57;83;214m▀[38;2;42;121;168m[49m▀ [38;2;146;146;147m▄    [38;2;152;154;160m▄[38;2;207;230;239m[48;2;119;173;200m▀[38;2;107;111;124m[49m▄[38;2;193;193;202m[48;2;173;158;230m▀[38;2;128;100;225m[48;2;76;48;229m▀[38;2;79;65;235m[48;2;81;105;244m▀[38;2;82;123;246m[48;2;81;122;245m▀[38;2;79;131;245m[48;2;79;131;246m▀[38;2;79;143;246m[48;2;80;142;247m▀[38;2;76;152;247m[48;2;76;151;245m▀[38;2;76;156;247m[48;2;77;159;245m▀[38;2;76;157;247m[48;2;77;176;244m▀[38;2;75;160;247m[48;2;76;159;246m▀[38;2;73;164;247m[48;2;73;163;245m▀[38;2;46;91;142m[48;2;72;163;242m▀[49m      [0m
      [38;2;42;105;162m▀[38;2;60;169;250m[48;2;60;169;249m▀[38;2;62;131;242m[48;2;60;171;250m▀[38;2;68;105;239m[48;2;62;157;248m▀[38;2;97;172;240m[48;2;58;117;243m▀[38;2;111;215;235m[48;2;78;166;241m▀[38;2;158;214;227m[48;2;139;233;246m▀[38;2;194;233;243m[48;2;221;252;251m▀[38;2;10;115;237m[48;2;57;145;234m▀[38;2;30;131;238m[48;2;108;199;236m▀[38;2;116;180;236m[48;2;59;140;232m▀[38;2;189;228;232m[48;2;213;245;245m▀[49m       [38;2;191;187;208m[48;2;89;85;146m▀[38;2;129;139;212m[48;2;105;93;201m▀[38;2;178;184;225m[48;2;148;114;176m▀[38;2;213;142;164m[48;2;243;98;71m▀[38;2;66;77;196m[48;2;68;120;196m▀[38;2;51;214;244m[48;2;58;220;243m▀[38;2;163;167;227m[48;2;74;221;240m▀[38;2;225;241;243m[48;2;66;221;239m▀[38;2;224;241;242m[48;2;125;185;213m▀[38;2;231;232;231m[49m▀    [38;2;197;226;232m[48;2;173;235;244m▀[38;2;43;92;169m[48;2;64;107;212m▀[38;2;198;197;211m[48;2;135;109;226m▀[38;2;94;57;223m[48;2;79;63;235m▀[38;2;81;86;239m[48;2;82;107;246m▀[38;2;84;113;246m[48;2;83;114;246m▀[38;2;81;122;246m[48;2;82;118;243m▀[38;2;81;130;246m[48;2;80;115;242m▀[38;2;79;140;246m[48;2;79;116;242m▀[38;2;78;148;246m[48;2;80;94;240m▀[38;2;77;153;246m[48;2;78;84;240m▀[38;2;80;173;246m[48;2;81;59;231m▀[38;2;78;157;248m[48;2;82;59;232m▀[38;2;77;161;246m[48;2;78;61;231m▀[38;2;76;165;246m[48;2;76;64;229m▀[38;2;75;156;234m[48;2;72;69;227m▀[38;2;73;100;139m[48;2;145;150;213m▀[49m    [0m
       [38;2;61;170;248m[48;2;46;112;171m▀[38;2;59;171;251m[48;2;60;170;250m▀[38;2;61;173;250m[48;2;59;171;250m▀[38;2;64;162;247m[48;2;63;174;249m▀[38;2;57;135;244m[48;2;66;177;248m▀[38;2;95;184;244m[48;2;55;145;244m▀[38;2;213;247;248m[48;2;177;221;243m▀[38;2;107;176;238m[48;2;181;223;241m▀[38;2;33;131;234m[48;2;6;110;238m▀[38;2;10;108;234m[48;2;27;128;236m▀[38;2;202;236;244m[48;2;142;196;238m▀[38;2;178;206;217m[49m▄    [38;2;34;109;122m▄[38;2;47;144;165m[48;2;118;203;233m▀[38;2;48;192;230m[48;2;42;190;236m▀[38;2;220;227;243m[48;2;105;223;242m▀[38;2;95;95;181m[48;2;54;217;244m▀[38;2;202;89;81m[48;2;43;136;222m▀[38;2;65;182;222m[48;2;40;29;193m▀[38;2;222;245;246m[48;2;231;230;240m▀[38;2;231;249;248m[48;2;122;229;242m▀[38;2;179;193;234m[48;2;98;173;234m▀[38;2;76;50;198m[48;2;81;53;219m▀[38;2;157;183;202m[49m▄   [38;2;192;193;195m[48;2;169;170;173m▀[38;2;102;218;242m[48;2;89;158;232m▀[38;2;53;56;220m[48;2;70;24;223m▀[38;2;74;29;230m[48;2;80;48;233m▀[38;2;81;94;243m[48;2;84;65;238m▀[38;2;83;100;246m[48;2;81;47;235m▀[38;2;82;87;242m[48;2;82;41;234m▀[38;2;80;75;237m[48;2;81;45;233m▀[38;2;81;43;232m[48;2;81;48;232m▀[38;2;82;43;233m[48;2;78;89;228m▀[38;2;83;42;232m[48;2;79;169;237m▀[38;2;83;53;233m[48;2;77;181;236m▀[38;2;83;88;233m[48;2;77;218;242m▀[38;2;82;90;234m[48;2;78;219;243m▀[38;2;84;150;238m[48;2;80;220;243m▀[38;2;86;198;243m[48;2;79;194;216m▀[38;2;70;147;189m[49m▀     [0m
        [38;2;58;170;249m[48;2;60;170;250m▀[38;2;61;171;250m[48;2;62;172;251m▀[38;2;62;175;250m[48;2;64;174;250m▀[38;2;67;177;247m[48;2;67;178;248m▀[38;2;66;176;247m[48;2;69;185;247m▀[38;2;121;190;240m[48;2;85;191;242m▀[38;2;231;250;249m[48;2;231;246;249m▀[38;2;43;138;230m[48;2;100;172;238m▀[38;2;111;197;239m[48;2;36;141;236m▀[38;2;81;156;235m[48;2;31;131;235m▀[38;2;233;245;246m[48;2;239;248;249m▀[49m    [38;2;28;108;126m▀[38;2;52;214;240m[48;2;138;147;149m▀[38;2;63;200;225m[48;2;113;114;118m▀[38;2;49;119;217m[48;2;65;58;181m▀[38;2;124;116;213m[48;2;37;100;219m▀[38;2;44;62;197m[48;2;48;177;237m▀[38;2;119;176;226m[48;2;146;223;243m▀[38;2;246;246;247m[48;2;252;252;252m▀[38;2;238;237;243m[48;2;144;119;222m▀[38;2;162;142;226m[48;2;73;24;221m▀[38;2;87;64;220m[48;2;75;93;225m▀[38;2;127;168;200m[49m▀    [38;2;163;149;234m[48;2;170;151;235m▀[38;2;77;30;230m[48;2;80;36;229m▀[38;2;79;36;231m[48;2;82;43;232m▀[38;2;82;39;234m[48;2;80;72;235m▀[38;2;82;52;235m[48;2;79;116;240m▀[38;2;80;70;237m[48;2;76;135;242m▀[38;2;80;112;241m[48;2;76;138;244m▀[38;2;80;144;244m[48;2;76;151;242m▀[38;2;80;211;243m[48;2;79;221;243m▀[38;2;77;219;242m[48;2;78;221;245m▀[38;2;78;219;243m[48;2;78;221;244m▀[38;2;79;219;243m[48;2;79;221;244m▀[38;2;78;219;243m[48;2;79;221;243m▀[38;2;82;220;243m[48;2;68;170;192m▀[49m       [0m
        [38;2;62;172;247m[48;2;51;123;182m▀[38;2;64;174;249m[48;2;68;175;248m▀[38;2;66;175;249m[48;2;70;176;248m▀[38;2;70;177;248m[48;2;71;176;248m▀[38;2;71;184;247m[48;2;71;181;248m▀[38;2;68;191;245m[48;2;70;191;246m▀[38;2;195;233;244m[48;2;153;219;242m▀[38;2;156;206;240m[48;2;226;245;249m▀[38;2;4;121;241m[48;2;22;135;236m▀[38;2;7;123;238m[48;2;90;189;236m▀[38;2;197;224;243m[48;2;132;195;240m▀[38;2;154;180;199m[48;2;213;226;232m▀[49m     [38;2;121;121;172m[48;2;166;171;181m▀[38;2;42;144;211m[48;2;60;208;240m▀[38;2;40;149;227m[49m▀[38;2;49;31;209m[48;2;35;8;126m▀[38;2;92;59;213m[48;2;65;12;220m▀[38;2;143;116;222m[48;2;67;14;221m▀[38;2;123;90;223m[48;2;70;21;220m▀[38;2;74;29;223m[48;2;72;58;224m▀[38;2;83;90;224m[48;2;93;104;231m▀[38;2;129;154;178m[48;2;194;220;247m▀[49m    [38;2;171;153;235m[48;2;172;152;235m▀[38;2;81;36;229m[48;2;81;38;229m▀[38;2;79;87;237m[48;2;81;49;233m▀[38;2;76;140;243m[48;2;78;77;237m▀[38;2;77;150;244m[48;2;77;122;241m▀[38;2;79;208;243m[48;2;78;220;245m▀[38;2;79;209;242m[48;2;78;219;243m▀[38;2;77;212;242m[48;2;77;220;243m▀[38;2;77;220;242m[48;2;77;220;242m▀[38;2;133;230;242m[48;2;124;227;243m▀[38;2;85;223;242m[48;2;85;222;242m▀[38;2;80;222;244m[48;2;79;222;242m▀[38;2;79;221;243m[48;2;79;221;244m▀[49m        [0m
        [38;2;50;118;174m[48;2;60;149;209m▀[38;2;70;176;247m[48;2;69;177;248m▀[48;2;71;177;248m▀[38;2;72;176;248m[48;2;72;178;248m▀[38;2;73;181;247m[48;2;73;180;248m▀[38;2;73;190;246m[48;2;72;186;246m▀[38;2;93;199;239m[48;2;71;191;242m▀[38;2;239;252;249m[48;2;220;242;246m▀[38;2;76;169;240m[48;2;146;209;240m▀[38;2;68;179;238m[48;2;6;149;241m▀[38;2;59;163;239m[48;2;20;156;239m▀[38;2;246;251;249m[48;2;220;240;246m▀[38;2;129;161;188m[49m▄     [38;2;59;143;160m▀ [38;2;53;51;163m[48;2;82;201;238m▀[38;2;73;60;223m[48;2;158;224;243m▀[38;2;70;86;222m[48;2;173;231;243m▀[38;2;57;105;229m[48;2;50;122;231m▀[38;2;62;78;227m[48;2;65;26;224m▀[38;2;97;96;225m[48;2;112;137;231m▀[49m    [38;2;142;142;150m▄[38;2;171;152;235m[48;2;171;153;235m▀[38;2;80;40;230m[48;2;80;49;230m▀[38;2;80;62;236m[48;2;79;120;246m▀[38;2;81;52;234m[48;2;81;115;244m▀[38;2;81;45;233m[48;2;81;82;238m▀[38;2;80;88;229m[48;2;81;50;235m▀[38;2;82;164;238m[48;2;78;46;230m▀[38;2;80;214;245m[48;2;77;54;224m▀[38;2;78;221;243m[48;2;83;129;231m▀[38;2;77;222;244m[48;2;81;205;242m▀[38;2;79;222;243m[48;2;78;222;242m▀[38;2;78;221;242m[48;2;78;222;243m▀[38;2;79;221;244m[48;2;79;221;243m▀[49m        [0m
        [38;2;63;160;226m[48;2;66;173;244m▀[38;2;69;179;248m[48;2;68;175;248m▀[38;2;70;178;248m[48;2;71;175;248m▀[38;2;72;180;248m[48;2;73;132;241m▀[38;2;71;180;247m[48;2;75;123;242m▀[38;2;72;183;248m[48;2;74;123;242m▀[38;2;74;191;247m[48;2;73;134;244m▀[38;2;175;224;243m[48;2;118;184;243m▀[38;2;213;236;246m[48;2;248;252;250m▀[38;2;28;167;237m[48;2;67;190;239m▀[38;2;101;207;241m[48;2;67;198;240m▀[38;2;159;217;243m[48;2;89;198;240m▀[38;2;193;210;221m[48;2;249;252;251m▀[49m     [38;2;207;208;209m▄[38;2;154;159;186m[48;2;243;242;246m▀[38;2;139;130;205m[48;2;231;229;241m▀[38;2;146;129;211m[48;2;217;226;240m▀[38;2;103;171;228m[48;2;56;177;234m▀[38;2;51;87;224m[48;2;56;26;217m▀[38;2;65;55;223m[48;2;78;55;224m▀[38;2;135;173;241m[48;2;91;115;144m▀[38;2;116;120;122m[49m▀   [38;2;142;142;150m[48;2;141;142;149m▀[38;2;171;154;235m[48;2;172;153;236m▀[38;2;80;48;230m[48;2;81;48;232m▀[38;2;78;120;246m[48;2;80;119;246m▀[38;2;79;127;245m[48;2;79;127;244m▀[38;2;79;132;245m[48;2;79;134;245m▀[38;2;79;126;243m[48;2;77;141;242m▀[38;2;81;85;238m[48;2;75;143;243m▀[38;2;80;62;233m[48;2;81;182;240m▀[38;2;79;39;230m[48;2;80;128;233m▀[38;2;77;69;226m[48;2;76;55;228m▀[38;2;78;153;237m[48;2;80;42;229m▀[38;2;79;203;241m[48;2;80;81;230m▀[38;2;78;221;243m[48;2;79;180;237m▀[38;2;57;146;167m[48;2;67;176;198m▀[49m       [0m
       [38;2;94;129;209m▄[38;2;68;143;243m[48;2;72;57;229m▀[38;2;74;78;235m[48;2;75;87;237m▀[38;2;77;62;233m[48;2;74;127;239m▀[38;2;80;67;238m[48;2;74;146;239m▀[38;2;76;106;238m[48;2;71;204;244m▀[38;2;73;124;241m[48;2;71;211;244m▀[38;2;74;148;242m[48;2;72;213;245m▀[38;2;77;185;240m[48;2;69;206;242m▀[38;2;233;245;247m[48;2;192;230;242m▀[38;2;138;217;243m[48;2;203;237;245m▀[38;2;13;184;247m[48;2;36;196;243m▀[38;2;23;184;241m[48;2;59;204;242m▀[38;2;238;249;249m[48;2;185;234;245m▀[38;2;114;178;209m[48;2;179;223;239m▀[38;2;57;174;212m[49m▄  [38;2;133;134;140m[48;2;220;215;232m▀[38;2;236;234;244m[48;2;129;107;201m▀[38;2;236;235;244m[48;2;131;107;202m▀[38;2;235;234;243m[48;2;129;108;204m▀[38;2;157;227;241m[48;2;56;156;226m▀[38;2;45;131;228m[48;2;52;26;212m▀[38;2;55;60;220m[48;2;62;26;214m▀[38;2;95;104;229m[48;2;118;155;223m▀[49m     [38;2;160;160;165m[48;2;235;234;236m▀[38;2;172;153;236m[48;2;172;154;235m▀[38;2;81;46;232m[48;2;82;38;231m▀[38;2;79;108;243m[48;2;80;80;238m▀[38;2;78;127;245m[48;2;79;127;246m▀[38;2;77;144;243m[48;2;78;201;243m▀[38;2;79;185;243m[48;2;79;218;243m▀[38;2;79;216;244m[48;2;78;219;242m▀[38;2;77;219;244m[48;2;77;221;243m▀[38;2;80;220;243m[48;2;78;221;244m▀[38;2;84;217;245m[48;2;78;220;243m▀[38;2;80;166;236m[48;2;80;219;243m▀[38;2;80;74;229m[48;2;82;221;244m▀[38;2;76;52;225m[48;2;77;123;230m▀[38;2;82;153;233m[48;2;69;49;221m▀[38;2;151;153;172m[49m▄      [0m
       [38;2;46;81;125m▀[38;2;59;126;203m▀[38;2;64;185;249m[48;2;48;124;167m▀[38;2;67;202;246m[48;2;69;204;246m▀[38;2;62;158;233m[48;2;62;150;228m▀[38;2;66;183;235m[48;2;70;215;241m▀[38;2;69;214;243m[48;2;70;216;242m▀[38;2;69;213;245m[48;2;64;173;234m▀[38;2;70;214;245m[48;2;73;211;246m▀[38;2;135;207;241m[48;2;95;188;240m▀[38;2;243;250;248m[48;2;241;248;248m▀[38;2;62;204;243m[48;2;109;218;245m▀[38;2;26;198;243m[48;2;23;201;246m▀[38;2;132;222;244m[48;2;62;206;243m▀[38;2;231;244;247m[48;2;248;252;251m▀[38;2;74;205;241m[48;2;101;190;236m▀[38;2;57;152;186m[48;2;71;148;224m▀[38;2;128;131;166m[48;2;180;173;224m▀[38;2;227;222;241m[48;2;92;60;168m▀[38;2;244;243;246m[48;2;134;121;185m▀[38;2;250;251;251m[48;2;225;222;239m▀[38;2;217;245;246m[48;2;159;224;241m▀[38;2;43;168;232m[48;2;45;97;221m▀[38;2;93;60;209m[48;2;52;7;208m▀[38;2;88;81;224m[48;2;99;117;213m▀[49m     [38;2;132;132;141m[48;2;240;240;241m▀[38;2;249;248;249m[48;2;215;205;240m▀[38;2;143;118;227m[48;2;79;40;224m▀[38;2;80;60;234m[48;2;80;80;238m▀[38;2;79;49;234m[48;2;80;70;241m▀[38;2;78;121;243m[48;2;78;86;241m▀[38;2;77;201;242m[48;2;79;201;243m▀[38;2;79;219;244m[48;2;79;220;245m▀[38;2;79;220;243m[48;2;79;221;243m▀[38;2;78;221;244m▀[38;2;83;222;243m[48;2;156;231;242m▀[38;2;211;244;245m[48;2;158;234;243m▀[38;2;150;231;243m[48;2;124;227;243m▀[38;2;79;221;244m[48;2;56;134;157m▀[38;2;69;180;206m[49m▀[38;2;67;146;190m▀[38;2;175;188;196m▀      [0m
          [38;2;60;161;193m▀[38;2;71;215;242m[48;2;73;212;236m▀[38;2;70;219;242m[48;2;71;218;243m▀[38;2;90;221;243m[48;2;92;221;242m▀[38;2;96;189;234m[48;2;109;219;242m▀[38;2;72;185;244m[48;2;68;132;235m▀[38;2;69;153;241m[48;2;79;197;243m▀[38;2;200;234;244m[48;2;144;214;241m▀[38;2;190;236;246m[48;2;237;248;249m▀[38;2;24;201;246m[48;2;47;206;246m▀[38;2;26;198;245m[48;2;24;198;248m▀[38;2;206;239;248m[48;2;150;226;245m▀[38;2;166;211;241m[48;2;226;242;246m▀[38;2;97;119;226m[48;2;67;74;209m▀[38;2;176;165;222m[48;2;130;109;158m▀[38;2;169;149;127m[48;2;214;198;107m▀[38;2;173;149;124m[48;2;243;188;86m▀[38;2;77;41;195m[48;2;146;99;188m▀[38;2;76;165;225m[48;2;115;226;247m▀[38;2;60;79;213m[48;2;71;60;208m▀[38;2;55;6;212m[48;2;54;5;210m▀[38;2;71;68;188m[48;2;53;4;212m▀[38;2;138;114;216m[49m▄[38;2;241;241;245m▄[38;2;251;251;252m▄[38;2;139;138;145m[48;2;252;252;252m▀[38;2;241;241;243m[48;2;225;220;240m▀[38;2;208;199;235m[48;2;97;58;222m▀[38;2;90;52;224m[48;2;83;38;232m▀[38;2;80;72;237m▄[38;2;80;80;238m[48;2;80;102;242m▀[38;2;80;108;245m[48;2;77;143;244m▀[38;2;78;54;235m[48;2;77;111;236m▀[38;2;79;177;241m[48;2;75;106;232m▀[38;2;79;219;245m[48;2;79;216;243m▀[38;2;99;225;242m[48;2;142;231;245m▀[38;2;95;224;242m[48;2;130;230;244m▀[38;2;190;238;242m[48;2;78;222;244m▀[38;2;86;221;242m[48;2;74;187;209m▀[38;2;52;113;135m[49m▀          [0m
           [38;2;55;152;179m[48;2;47;116;143m▀[38;2;97;223;240m[48;2;82;219;242m▀[38;2;165;234;243m[48;2;103;215;242m▀[38;2;73;173;238m[48;2;70;117;237m▀[38;2;74;148;240m[48;2;74;202;243m▀[38;2;78;217;246m[48;2;76;215;245m▀[38;2;93;205;239m[48;2;72;204;240m▀[38;2;250;252;251m[48;2;222;241;246m▀[38;2;94;215;244m[48;2;171;231;245m▀[38;2;25;198;246m[48;2;26;189;243m▀[38;2;81;204;243m[48;2;45;115;213m▀[38;2;191;190;223m[48;2;143;128;140m▀[38;2;112;91;154m[48;2;233;226;104m▀[38;2;230;219;102m[48;2;160;134;139m▀[38;2;240;179;98m[48;2;71;22;194m▀[38;2;243;113;79m[48;2;177;75;127m▀[38;2;151;100;188m[48;2;103;49;182m▀[38;2;108;228;244m[48;2;57;177;234m▀[38;2;48;101;224m[48;2;53;52;207m▀[38;2;124;98;215m[48;2;223;219;240m▀[38;2;157;142;224m[48;2;151;210;243m▀[38;2;60;15;218m[48;2;71;55;236m▀[38;2;165;146;223m[48;2;69;22;222m▀[38;2;226;219;242m[48;2;75;31;221m▀[38;2;169;151;228m[48;2;81;37;228m▀[38;2;88;51;221m[48;2;83;41;231m▀[38;2;82;39;231m[48;2;76;77;234m▀[38;2;80;66;237m[48;2;59;168;244m▀[38;2;78;108;244m[48;2;66;184;245m▀[38;2;77;119;244m[48;2;73;190;244m▀[38;2;77;170;244m[48;2;76;207;243m▀[38;2;78;202;241m[48;2;78;221;244m▀[38;2;74;79;233m[48;2;79;166;239m▀[38;2;77;180;238m[48;2;76;112;235m▀[38;2;138;229;242m[48;2;112;222;243m▀[38;2;127;229;242m[48;2;106;225;242m▀[38;2;78;222;244m[48;2;68;171;194m▀[49m            [0m
            [38;2;75;217;242m[48;2;75;194;229m▀[38;2;73;156;237m[48;2;70;106;233m▀[38;2;75;155;238m[48;2;76;205;242m▀[38;2;74;218;243m[48;2;75;218;244m▀[38;2;75;215;244m[48;2;75;217;243m▀[38;2;74;213;244m[48;2;77;217;246m▀[38;2;163;218;238m[48;2;106;176;230m▀[38;2;224;236;244m[48;2;111;90;181m▀[38;2;42;84;203m[48;2;179;165;122m▀[38;2;163;147;132m[48;2;247;238;95m▀[38;2;223;211;105m[48;2;192;133;115m▀[38;2;132;101;156m[48;2;56;17;210m▀[38;2;55;8;207m[48;2;81;76;214m▀[38;2;82;55;208m[48;2;184;211;238m▀[38;2;52;7;203m[48;2;175;199;236m▀[38;2;115;101;220m[48;2;187;216;241m▀[38;2;65;192;238m[48;2;60;141;227m▀[38;2;113;89;212m[48;2;152;133;224m▀[38;2;247;251;251m[48;2;200;242;246m▀[38;2;68;221;242m[48;2;46;192;244m▀[38;2;63;107;240m[48;2;76;65;243m▀[38;2;75;32;231m[48;2;76;43;235m▀[38;2;79;33;229m[48;2;79;34;228m▀[38;2;83;38;232m[48;2;82;38;231m▀[38;2;84;40;233m[48;2;69;84;235m▀[38;2;72;90;234m[48;2;64;125;238m▀[38;2;51;204;247m[48;2;54;206;246m▀[38;2;62;210;248m[48;2;63;189;239m▀[38;2;68;175;234m[48;2;64;146;225m▀[38;2;77;222;243m[48;2;77;222;242m▀[38;2;78;222;242m[48;2;78;222;243m▀[38;2;79;211;242m[48;2;79;222;244m▀[38;2;74;100;234m[48;2;78;158;238m▀[38;2;80;196;242m[48;2;77;132;238m▀[38;2;80;222;245m[48;2;80;212;236m▀[49m             [0m
            [38;2;74;167;224m[48;2;109;155;227m▀[38;2;72;138;238m[48;2;64;141;184m▀[38;2;74;219;243m[48;2;60;150;184m▀[38;2;75;220;243m[48;2;60;77;210m▀[38;2;75;217;243m[48;2;69;128;220m▀[38;2;70;184;231m[48;2;95;100;165m▀[38;2;74;84;181m[48;2;228;216;111m▀[38;2;219;208;114m[48;2;215;199;117m▀[38;2;249;240;106m[48;2;98;56;169m▀[38;2;243;143;81m[48;2;228;100;98m▀[38;2;193;81;113m[48;2;185;96;123m▀[38;2;112;99;219m[48;2;132;177;237m▀[38;2;137;201;236m[48;2;171;220;241m▀[38;2;199;235;249m[48;2;142;187;240m▀[38;2;198;234;249m[48;2;133;144;226m▀[38;2;141;158;232m[48;2;156;189;237m▀[38;2;51;119;225m[48;2;48;109;223m▀[38;2;154;134;227m[48;2;154;134;227m▀[38;2;169;239;245m[48;2;115;230;243m▀[38;2;56;130;240m[48;2;50;176;243m▀[38;2;80;56;243m[48;2;75;62;240m▀[38;2;76;43;235m[48;2;70;28;227m▀[38;2;79;33;228m[48;2;79;31;229m▀[38;2;80;38;230m[48;2;79;36;232m▀[38;2;41;176;244m[48;2;41;176;245m▀[38;2;45;200;248m[48;2;48;179;241m▀[38;2;57;209;246m[48;2;62;136;228m▀[38;2;61;127;219m[48;2;73;218;244m▀[38;2;75;220;245m[48;2;74;222;243m▀[38;2;77;222;244m[48;2;118;227;242m▀[38;2;93;224;243m[48;2;109;225;240m▀[38;2;161;235;241m[48;2;185;237;243m▀[38;2;114;219;242m[48;2;124;230;244m▀[38;2;72;99;229m[48;2;75;156;238m▀[38;2;76;184;223m[48;2;123;182;222m▀[49m             [0m
            [38;2;101;112;146m▀  [38;2;168;147;134m[48;2;188;170;123m▀[38;2;126;100;140m[48;2;247;238;97m▀[38;2;231;222;101m[48;2;181;161;127m▀[38;2;180;156;130m[48;2;92;49;192m▀[38;2;72;30;193m[48;2;50;13;189m▀[38;2;64;22;212m[48;2;186;180;228m▀[38;2;72;39;200m[48;2;114;173;241m▀[38;2;80;111;203m[48;2;5;122;243m▀[38;2;75;158;241m[48;2;24;130;240m▀[38;2;214;246;248m[48;2;204;239;248m▀[38;2;99;158;232m[48;2;137;202;236m▀[38;2;190;224;248m[48;2;201;237;249m▀[38;2;189;234;248m[48;2;163;184;234m▀[38;2;51;112;225m[48;2;75;80;213m▀[38;2;155;133;226m[48;2;180;167;229m▀[38;2;169;240;246m[48;2;144;235;244m▀[38;2;48;188;241m[48;2;63;103;240m▀[38;2;66;34;229m[48;2;64;19;230m▀[38;2;54;11;210m[48;2;39;37;202m▀[38;2;43;116;241m[48;2;17;165;247m▀[38;2;50;131;242m[48;2;31;169;245m▀[38;2;42;189;246m[48;2;44;181;244m▀[38;2;52;195;245m[48;2;64;211;247m▀[38;2;66;184;238m[48;2;70;218;244m▀[38;2;72;219;244m[48;2;73;220;244m▀[38;2;76;221;243m[48;2;78;220;244m▀[38;2;131;229;242m[49m▀[38;2;95;208;226m▀[38;2;48;110;133m▀[38;2;48;110;134m▀[38;2;46;92;132m▀[38;2;187;191;209m▀             [0m
               [38;2;188;124;120m[48;2;129;53;155m▀[38;2;246;167;86m[48;2;242;113;89m▀[38;2;97;44;184m[48;2;79;27;152m▀[38;2;44;14;168m[49m▀ [38;2;145;151;186m[48;2;103;93;183m▀[38;2;126;152;223m[48;2;177;167;222m▀[38;2;14;94;232m[48;2;121;103;211m▀[38;2;8;113;241m[48;2;85;111;225m▀[38;2;164;213;243m[48;2;78;93;221m▀[38;2;155;202;236m[48;2;122;110;212m▀[38;2;140;149;222m[48;2;152;134;217m▀[38;2;121;103;202m[48;2;249;251;250m▀[38;2;210;205;235m[48;2;187;238;245m▀[38;2;244;251;250m[48;2;68;216;241m▀[38;2;108;226;244m[48;2;42;212;246m▀[38;2;63;82;242m[48;2;63;78;244m▀[38;2;57;30;227m[48;2;52;16;203m▀[38;2;28;106;238m[49m▀[38;2;14;171;251m[48;2;21;151;215m▀[38;2;39;130;237m[48;2;31;186;248m▀[38;2;50;145;236m[48;2;44;197;245m▀[38;2;62;210;246m[48;2;61;181;218m▀[38;2;74;210;239m[49m▀[38;2;52;123;148m▀                    [0m
                [38;2;93;30;179m▀[38;2;43;14;138m▀  [38;2;124;110;203m[48;2;136;128;202m▀[38;2;135;118;203m[48;2;130;112;210m▀[38;2;100;148;217m[48;2;64;138;220m▀[38;2;68;209;240m[48;2;98;228;244m▀[38;2;101;182;235m[48;2;104;226;243m▀[38;2;177;179;228m[48;2;57;220;241m▀[38;2;174;236;242m[48;2;41;188;242m▀[38;2;108;224;240m[48;2;51;121;235m▀[38;2;52;183;240m[48;2;71;69;237m▀[38;2;61;100;237m[48;2;72;72;242m▀[38;2;55;120;241m[48;2;61;106;241m▀[38;2;62;58;236m[48;2;61;38;230m▀[38;2;52;32;218m[48;2;52;34;222m▀[49m  [38;2;35;155;207m▀[38;2;42;154;197m▀                       [0m
                    [38;2;139;129;199m▀[38;2;159;148;213m[48;2;157;146;213m▀[38;2;97;152;222m[48;2;83;77;203m▀[38;2;41;220;246m[48;2;47;209;245m▀[38;2;40;222;245m[48;2;42;222;245m▀[38;2;46;130;230m[48;2;47;63;218m▀[38;2;52;41;220m[48;2;62;22;211m▀[38;2;58;10;220m[48;2;58;20;215m▀[38;2;60;16;221m[48;2;80;52;219m▀[38;2;62;19;224m[48;2;103;96;224m▀[38;2;62;18;223m[48;2;75;84;226m▀[38;2;57;7;216m[48;2;52;28;220m▀[38;2;55;15;216m[48;2;56;7;215m▀[38;2;46;112;228m[48;2;50;53;219m▀[49m                          [0m
                     [38;2;134;125;188m[48;2;162;163;183m▀[38;2;179;167;220m[48;2;88;65;194m▀[38;2;49;78;201m[48;2;204;204;233m▀[38;2;42;136;224m[48;2;29;57;210m▀[38;2;29;95;219m[48;2;15;152;245m▀[38;2;195;232;245m[48;2;153;219;244m▀[38;2;130;193;233m[48;2;165;220;242m▀[38;2;171;220;251m[48;2;140;202;243m▀[38;2;160;210;245m[48;2;136;184;238m▀[38;2;74;163;244m[48;2;148;196;246m▀[38;2;46;42;222m[48;2;48;93;227m▀[38;2;49;61;225m[48;2;49;79;222m▀[38;2;50;32;216m[48;2;55;21;216m▀[38;2;50;73;226m[48;2;57;6;214m▀[38;2;51;41;195m[48;2;57;10;211m▀[38;2;137;135;143m[48;2;114;86;214m▀[38;2;211;212;212m[48;2;242;242;248m▀[38;2;211;211;213m[48;2;151;168;176m▀[49m                     [0m
                      [38;2;161;147;222m[48;2;124;120;191m▀[38;2;111;88;204m[48;2;116;107;207m▀[38;2;54;91;217m[48;2;169;223;243m▀[38;2;13;163;247m[48;2;14;170;246m▀[38;2;95;196;242m[48;2;44;177;243m▀[38;2;212;245;249m[48;2;216;247;250m▀[38;2;78;152;232m[48;2;130;202;237m▀[38;2;156;204;245m[48;2;179;228;251m▀[38;2;144;210;251m[48;2;112;168;237m▀[38;2;47;168;235m[48;2;42;175;237m▀[38;2;78;55;215m[48;2;55;28;214m▀[38;2;55;7;213m[48;2;56;59;218m▀[38;2;53;35;217m[48;2;86;211;240m▀[38;2;52;40;217m[48;2;74;227;245m▀[38;2;58;12;216m[48;2;55;43;221m▀[38;2;84;74;211m[48;2;57;7;214m▀[38;2;69;122;158m[48;2;68;106;212m▀[49m                     [0m
                       [38;2;155;199;235m[48;2;93;152;200m▀[38;2;231;245;249m[48;2;249;253;251m▀[38;2;37;178;245m[48;2;97;200;242m▀[38;2;17;173;247m[48;2;20;180;245m▀[38;2;179;233;246m[48;2;121;213;244m▀[38;2;156;216;240m[48;2;211;243;248m▀[38;2;145;206;244m[48;2;88;169;235m▀[38;2;139;195;239m[48;2;186;238;248m▀[38;2;55;207;242m[48;2;58;175;235m▀[38;2;51;26;211m[48;2;51;10;199m▀[38;2;178;196;233m[48;2;229;228;240m▀[38;2;162;235;244m[48;2;212;243;248m▀[38;2;75;178;241m[48;2;125;232;246m▀[38;2;67;46;232m[48;2;69;68;234m▀[38;2;58;9;217m[48;2;71;25;228m▀[38;2;57;8;214m[48;2;52;37;226m▀[38;2;124;99;215m[48;2;56;14;217m▀[38;2;239;239;244m[48;2;144;119;217m▀[38;2;249;250;250m[48;2;230;241;247m▀[38;2;180;180;183m[49m▀                 [0m
                      [38;2;246;247;247m▄[38;2;163;207;235m[48;2;167;226;241m▀[38;2;233;245;248m[48;2;178;222;242m▀[38;2;161;223;244m[48;2;225;243;248m▀[38;2;24;185;247m[48;2;39;195;246m▀[38;2;72;200;245m[48;2;38;195;248m▀[38;2;229;252;251m[48;2;208;246;247m▀[38;2;139;212;237m[48;2;154;218;240m▀[38;2;193;241;250m[48;2;134;197;238m▀[38;2;72;117;231m[48;2;63;82;235m▀[38;2;104;73;216m[48;2;152;136;227m▀[38;2;250;250;250m[48;2;251;251;250m▀[38;2;189;241;246m[48;2;222;245;247m▀[38;2;83;228;243m[48;2;177;241;246m▀[38;2;56;141;239m[48;2;59;169;240m▀[38;2;80;44;235m[48;2;84;47;236m▀[38;2;51;39;223m[48;2;61;31;227m▀[38;2;40;90;240m[48;2;33;115;249m▀[38;2;66;22;217m[48;2;49;68;232m▀[38;2;128;143;230m[48;2;66;28;215m▀[38;2;104;102;124m[49m▄                 [0m
                     [38;2;222;223;223m[48;2;244;250;250m▀[38;2;200;243;246m[48;2;91;193;238m▀[38;2;80;184;241m[48;2;68;116;237m▀[38;2;124;188;237m[48;2;88;154;240m▀[38;2;249;252;250m[48;2;236;244;248m▀[38;2;86;209;246m[48;2;163;232;244m▀[38;2;37;201;248m[48;2;43;209;247m▀[38;2;156;231;245m[48;2;101;222;245m▀[38;2;200;237;246m[48;2;237;252;251m▀[38;2;126;206;240m[48;2;144;217;237m▀[38;2;63;91;237m[48;2;63;101;238m▀[38;2;172;162;237m[48;2;172;165;237m▀[38;2;250;251;249m[48;2;251;251;250m▀[48;2;250;251;250m▄[38;2;131;233;244m[48;2;188;240;246m▀[38;2;57;170;242m[48;2;54;204;241m▀[38;2;86;51;237m[48;2;84;52;235m▀[38;2;69;25;226m[48;2;80;41;233m▀[38;2;41;84;240m[48;2;43;81;241m▀[38;2;47;87;235m[48;2;40;104;238m▀[38;2;43;74;229m[48;2;41;122;246m▀[38;2;105;78;204m[48;2;53;51;220m▀[38;2;207;205;210m[48;2;154;134;216m▀[38;2;210;211;213m[48;2;251;251;252m▀[38;2;205;205;207m[49m▄              [0m
                   [38;2;73;62;152m▄[38;2;227;228;228m[48;2;251;252;251m▀[38;2;228;248;248m[48;2;140;233;244m▀[38;2;55;160;238m[48;2;58;156;241m▀[38;2;77;94;239m[48;2;77;86;238m▀[38;2;70;135;240m[48;2;73;123;242m▀[38;2;189;222;242m[48;2;152;198;241m▀[38;2;213;244;248m[48;2;248;252;251m▀[38;2;56;218;247m[48;2;85;224;246m▀[38;2;65;219;245m[48;2;60;223;246m▀[38;2;227;250;250m[48;2;184;242;248m▀[38;2;143;199;238m[48;2;190;221;244m▀[38;2;60;82;240m[48;2;57;92;243m▀[38;2;171;167;239m[48;2;172;172;241m▀[38;2;251;251;250m[48;2;251;251;250m▀[38;2;188;240;245m[48;2;219;246;247m▀[38;2;92;229;241m[48;2;130;233;244m▀[38;2;48;214;243m[48;2;53;175;240m▀[38;2;83;53;235m[48;2;84;53;236m▀[38;2;82;44;233m[48;2;82;44;233m▀[38;2;44;80;241m[48;2;45;75;241m▀[38;2;29;154;250m[48;2;32;143;249m▀[38;2;56;71;235m[48;2;50;114;241m▀[38;2;53;70;234m[48;2;54;87;240m▀[38;2;73;42;210m[48;2;50;51;224m▀[38;2;196;216;238m[48;2;120;111;222m▀[49m               [0m
                 [38;2;183;172;228m▄[38;2;38;34;148m[48;2;102;126;227m▀[38;2;88;84;213m[48;2;76;67;149m▀[38;2;239;250;249m[48;2;220;246;248m▀[38;2;104;218;240m[48;2;58;145;238m▀[38;2;73;79;231m[48;2;81;59;234m▀[38;2;78;81;236m[48;2;81;74;236m▀[38;2;75;113;240m[48;2;76;103;239m▀[38;2;96;165;240m[48;2;70;143;242m▀[38;2;244;249;249m[48;2;214;234;246m▀[38;2;150;238;246m[48;2;202;244;247m▀[38;2;66;229;247m[48;2;76;233;248m▀[38;2;141;238;246m[48;2;94;235;246m▀[38;2;236;246;249m[48;2;245;251;250m▀[38;2;68;120;239m[48;2;116;164;238m▀[38;2;163;177;241m[48;2;150;180;243m▀[38;2;236;251;249m[48;2;196;249;247m▀[38;2;222;247;248m[48;2;160;241;249m▀[38;2;137;236;242m[48;2;41;229;248m▀[38;2;59;144;238m[48;2;73;92;237m▀[38;2;85;54;235m[48;2;87;54;236m▀[38;2;81;45;233m[48;2;82;44;233m▀[38;2;58;87;237m[48;2;89;140;237m▀[38;2;50;85;245m[48;2;52;156;243m▀[38;2;44;166;238m[48;2;50;121;237m▀[38;2;45;161;240m[48;2;45;187;242m▀[38;2;47;111;235m[48;2;51;122;239m▀[38;2;72;44;214m[48;2;50;61;220m▀[38;2;145;125;211m[49m▄[38;2;217;217;218m▄             [0m
                [38;2;115;110;129m[48;2;157;146;203m▀[38;2;102;90;209m[48;2;100;113;224m▀[38;2;93;123;160m[49m▀[38;2;63;55;113m▀[38;2;220;246;248m[48;2;171;194;196m▀[38;2;73;81;234m[48;2;73;81;235m▀[38;2;85;57;237m[48;2;85;56;236m▀[38;2;82;67;236m[48;2;84;62;237m▀[38;2;77;95;237m[48;2;78;92;238m▀[38;2;72;133;242m[48;2;80;164;243m▀[38;2;162;207;242m[48;2;123;210;240m▀[38;2;245;251;250m[48;2;249;252;251m▀[38;2;97;235;246m[48;2;147;243;247m▀[38;2;85;238;248m[48;2;93;243;249m▀[38;2;216;248;248m[48;2;172;246;248m▀[38;2;165;200;236m[48;2;227;239;245m▀[38;2;90;132;235m[48;2;59;102;225m▀[38;2;118;240;244m[48;2;92;200;241m▀[38;2;69;178;238m[48;2;51;194;244m▀[38;2;73;95;234m[48;2;78;79;239m▀[38;2;83;63;237m[48;2;85;58;239m▀[38;2;86;55;236m[48;2;86;55;239m▀[38;2;81;47;233m[48;2;83;50;234m▀[38;2;116;158;243m[48;2;124;176;243m▀[38;2;72;212;246m[48;2;118;204;250m▀[38;2;42;200;241m[48;2;39;225;246m▀[38;2;57;113;229m[48;2;49;164;236m▀[38;2;52;138;239m[48;2;42;173;239m▀[38;2;49;137;232m[48;2;51;130;232m▀[38;2;93;54;213m[48;2;74;38;214m▀[38;2;251;252;252m[48;2;208;206;218m▀[38;2;184;184;188m[49m▀            [0m
               [38;2;130;131;137m▄[38;2;121;98;209m[48;2;101;72;216m▀[38;2;114;153;215m[48;2;104;150;198m▀[49m   [38;2;79;57;236m[48;2;53;29;151m▀[38;2;85;53;236m[48;2;82;50;227m▀[38;2;85;58;237m[48;2;85;56;237m▀[38;2;79;95;237m[48;2;83;67;238m▀[38;2;81;166;241m[48;2;77;94;240m▀[38;2;78;191;239m[48;2;71;136;244m▀[38;2;231;242;247m[48;2;183;220;241m▀[38;2;198;247;249m[48;2;240;252;250m▀[38;2;101;244;248m[48;2;122;246;247m▀[38;2;141;245;248m[48;2;119;246;247m▀[38;2;247;252;250m[48;2;232;250;249m▀[38;2;81;133;195m[48;2;147;183;209m▀[38;2;59;104;228m[49m▀[38;2;50;202;245m[48;2;64;66;222m▀[38;2;46;204;241m[48;2;56;144;235m▀[38;2;62;130;238m[48;2;52;155;237m▀[38;2;81;74;237m[48;2;79;64;233m▀[38;2;83;49;233m[48;2;86;57;238m▀[38;2;69;42;213m[48;2;62;15;218m▀[38;2;123;164;238m[48;2;71;43;217m▀[38;2;87;225;243m[48;2;165;227;245m▀[38;2;51;121;226m[48;2;79;226;246m▀[38;2;43;206;243m[48;2;47;181;240m▀[38;2;63;99;236m[48;2;63;105;236m▀[38;2;52;60;221m[48;2;49;99;226m▀[38;2;163;152;205m[48;2;164;152;206m▀[49m             [0m
               [38;2;181;237;241m[48;2;172;237;244m▀[38;2;60;67;217m[48;2;55;65;221m▀[38;2;90;128;168m[48;2;78;112;148m▀[49m    [38;2;43;26;125m▀[38;2;86;53;239m▀[38;2;86;62;241m[48;2;49;37;143m▀[38;2;80;84;241m[48;2;80;74;236m▀[38;2;74;124;243m[48;2;76;109;241m▀[38;2;129;188;239m[48;2;95;165;240m▀[38;2;250;252;251m[48;2;237;245;248m▀[38;2;158;248;248m[48;2;195;249;249m▀[38;2;127;248;248m[48;2;129;250;249m▀[38;2;197;249;249m[48;2;170;249;247m▀[38;2;209;224;232m[48;2;248;252;251m▀[49m  [38;2;70;33;225m▀[38;2;77;33;234m[48;2;68;28;218m▀[38;2;81;41;235m[48;2;73;31;232m▀[38;2;88;56;240m[48;2;87;54;238m▀[38;2;83;46;233m[48;2;88;56;239m▀[38;2;76;48;221m[48;2;63;48;165m▀[38;2;202;231;248m[48;2;204;230;249m▀[38;2;104;118;216m[48;2;212;230;242m▀[38;2;48;167;237m[48;2;51;152;234m▀[38;2;49;156;233m[48;2;51;148;232m▀[38;2;60;59;234m[48;2;62;63;235m▀[38;2;99;66;207m[48;2;93;55;215m▀[38;2;130;130;138m[48;2;237;237;237m▀[49m            [0m
               [38;2;172;238;245m[48;2;173;237;243m▀[38;2;53;88;218m[48;2;46;139;226m▀[38;2;79;111;148m[48;2;109;120;180m▀[49m       [38;2;59;49;170m▀[38;2;78;96;242m[48;2;75;110;241m▀[38;2;71;140;243m[48;2;76;131;244m▀[38;2;205;224;241m[48;2;126;168;205m▀[38;2;227;250;249m[48;2;249;251;251m▀[38;2;136;250;249m[48;2;149;250;246m▀[38;2;147;249;249m[48;2;148;249;248m▀[38;2;243;251;250m[48;2;219;251;249m▀[38;2;199;217;227m[49m▄   [38;2;59;17;201m▀[38;2;72;27;229m[48;2;68;57;228m▀[38;2;87;54;240m[48;2;82;42;238m▀[49m [38;2;167;179;190m[48;2;130;130;134m▀[38;2;232;237;244m[48;2;232;231;243m▀[38;2;48;146;229m[48;2;49;104;222m▀[38;2;55;118;232m[48;2;46;190;241m▀[38;2;50;127;238m[48;2;42;147;237m▀[38;2;92;54;215m[48;2;92;53;214m▀[38;2;251;252;251m[49m▀[38;2;144;144;150m▀           [0m
               [38;2;233;248;247m[48;2;223;227;227m▀[38;2;54;169;232m[48;2;62;218;243m▀[38;2;121;107;220m[48;2;67;77;215m▀[49m       [38;2;46;143;162m[48;2;63;190;225m▀[38;2;72;136;242m[48;2;74;109;240m▀[38;2;63;104;216m[48;2;43;75;165m▀[49m [38;2;250;252;251m[48;2;216;229;235m▀[38;2;188;250;249m[48;2;215;251;249m▀[38;2;177;249;247m[48;2;153;253;249m▀[38;2;193;251;249m[48;2;169;251;248m▀[38;2;238;243;245m[48;2;246;252;251m▀[49m    [38;2;54;202;242m[48;2;48;225;245m▀[38;2;75;56;234m[48;2;76;68;237m▀[49m [38;2;130;130;134m[48;2;130;130;134m▀[38;2;233;246;248m[48;2;232;248;249m▀[38;2;44;207;241m[48;2;48;178;235m▀[38;2;60;96;230m[48;2;53;139;234m▀[38;2;48;107;236m[48;2;57;66;237m▀[38;2;92;52;216m[48;2;92;51;217m▀[49m             [0m
               [38;2;178;180;184m▀[38;2;89;226;243m[48;2;161;236;245m▀[38;2;50;120;228m[48;2;42;200;240m▀[38;2;74;83;214m[49m▄[38;2;144;144;149m[48;2;195;187;226m▀[38;2;126;134;143m[49m▄ [38;2;92;131;160m▄[38;2;64;180;232m▄[38;2;69;210;242m▄[38;2;69;170;244m[48;2;74;135;242m▀[38;2;81;105;246m[48;2;62;85;189m▀[49m  [38;2;162;192;211m▀[38;2;244;251;250m[48;2;251;252;251m▀[38;2;161;251;248m[48;2;183;251;248m▀[38;2;158;253;249m[48;2;162;251;248m▀[38;2;231;252;250m[48;2;207;251;251m▀[38;2;179;203;219m[48;2;246;251;250m▀[49m   [38;2;48;226;246m[48;2;52;213;243m▀[38;2;75;70;238m[48;2;67;80;238m▀[38;2;49;81;196m[49m▄[38;2;130;129;134m[48;2;116;121;142m▀[38;2;187;241;244m[48;2;124;233;243m▀[38;2;50;168;235m[48;2;38;227;246m▀[38;2;49;160;236m[48;2;43;195;241m▀[38;2;52;92;240m[48;2;56;59;234m▀[38;2;91;53;214m[48;2;91;58;211m▀[38;2;237;237;238m[48;2;238;238;238m▀[49m            [0m
                [38;2;225;246;247m[48;2;229;230;229m▀[38;2;56;222;244m[48;2;134;231;244m▀[38;2;46;161;230m[48;2;41;221;244m▀[38;2;68;53;210m[48;2;47;146;229m▀[38;2;72;90;144m[48;2;51;32;181m▀[38;2;138;129;173m[49m▄[38;2;174;164;214m[48;2;155;141;208m▀[38;2;108;109;211m[48;2;180;168;227m▀[38;2;59;61;214m[48;2;59;22;220m▀[38;2;81;121;247m[48;2;81;112;220m▀[38;2;78;119;235m[49m▀   [38;2;245;249;249m[48;2;195;215;225m▀[38;2;211;251;249m[48;2;237;251;250m▀[38;2;183;250;248m[48;2;166;252;248m▀[38;2;187;250;246m[48;2;182;250;248m▀[38;2;248;251;251m[48;2;239;251;251m▀[38;2;179;204;222m[49m▄ [38;2;53;163;187m[48;2;122;194;233m▀[38;2;56;164;236m[48;2;65;61;219m▀[38;2;113;128;235m[48;2;186;188;225m▀[38;2;57;99;250m[48;2;67;40;205m▀[38;2;51;64;221m[48;2;185;186;232m▀[38;2;74;179;225m[48;2;46;70;206m▀[38;2;37;197;245m[48;2;47;138;245m▀[38;2;47;134;240m[48;2;42;122;239m▀[38;2;54;44;228m[48;2;65;33;218m▀[38;2;124;132;204m[48;2;85;110;154m▀[49m             [0m
                [38;2;141;141;146m▀[38;2;230;248;249m[48;2;217;219;219m▀[38;2;53;218;243m[48;2;173;237;244m▀[38;2;44;218;245m[48;2;50;221;245m▀[38;2;50;171;237m[48;2;42;190;236m▀[38;2;70;59;211m[48;2;45;181;235m▀[38;2;155;135;222m[48;2;70;146;225m▀[38;2;131;121;173m[48;2;55;33;184m▀[38;2;41;21;147m[48;2;48;18;160m▀[38;2;174;163;206m[49m▄[38;2;161;161;163m[48;2;204;199;229m▀[49m  [38;2;151;168;179m▄[38;2;129;170;196m▀[38;2;249;252;251m[48;2;247;250;250m▀[38;2;181;251;248m[48;2;203;251;249m▀[38;2;175;251;248m[48;2;156;246;247m▀[38;2;209;252;250m[48;2;184;250;247m▀[38;2;243;249;249m[48;2;248;252;251m▀[38;2;147;191;211m[48;2;216;240;242m▀[38;2;189;199;241m[48;2;150;171;235m▀[38;2;81;60;221m[48;2;79;68;224m▀[38;2;249;251;251m[48;2;246;249;249m▀[38;2;88;57;205m[48;2;78;42;208m▀[38;2;247;249;250m[48;2;208;203;235m▀[38;2;86;73;208m[48;2;122;106;220m▀[38;2;44;112;248m[48;2;39;111;243m▀[38;2;47;76;230m[48;2;53;18;214m▀[38;2;81;65;217m[48;2;99;123;199m▀[38;2;87;118;149m[49m▀             [0m
                  [38;2;249;251;250m[48;2;157;156;161m▀[38;2;149;233;242m[48;2;242;248;247m▀[38;2;43;182;237m[48;2;140;234;242m▀[38;2;44;202;241m[48;2;46;178;236m▀[38;2;44;198;240m[48;2;48;167;237m▀[38;2;44;168;235m[48;2;115;231;243m▀[38;2;49;130;228m[48;2;54;180;236m▀[38;2;55;43;215m[48;2;47;219;246m▀[38;2;65;35;211m[48;2;44;193;241m▀[38;2;90;67;178m[48;2;52;128;229m▀[38;2;37;19;137m[48;2;54;112;229m▀[38;2;129;119;207m[48;2;57;115;232m▀[38;2;98;137;215m[48;2;63;145;241m▀[38;2;224;238;245m[48;2;170;221;244m▀[38;2;229;251;250m[48;2;248;251;250m▀[38;2;119;219;243m[48;2;115;210;244m▀[38;2;93;195;241m[48;2;11;136;244m▀[38;2;236;251;251m[48;2;166;217;244m▀[38;2;228;245;244m[48;2;241;250;249m▀[38;2;107;158;231m[48;2;75;150;238m▀[38;2;43;65;229m[48;2;46;129;247m▀[38;2;196;202;234m[48;2;155;176;235m▀[38;2;51;76;229m[48;2;45;96;237m▀[38;2;88;97;217m[48;2;31;90;238m▀[38;2;120;98;221m[48;2;70;26;213m▀[38;2;55;30;223m[48;2;65;36;213m▀[38;2;85;83;220m[48;2;129;177;232m▀[38;2;87;120;157m[49m▀              [0m
                   [38;2;159;159;164m▀[38;2;246;251;249m[48;2;156;156;163m▀[38;2;148;234;243m[48;2;247;249;248m▀[38;2;62;224;245m[48;2;209;244;246m▀[38;2;119;230;243m[48;2;110;229;242m▀[38;2;59;154;231m[48;2;59;223;242m▀[38;2;45;196;239m[48;2;44;139;228m▀[38;2;43;199;238m[48;2;45;212;244m▀[38;2;47;151;231m[48;2;45;187;238m▀[38;2;40;218;244m[48;2;47;107;218m▀[38;2;41;212;243m[48;2;52;109;226m▀[38;2;47;225;248m[48;2;158;236;244m▀[38;2;113;225;244m[48;2;88;221;242m▀[38;2;250;251;251m[48;2;244;250;248m▀[38;2;122;197;243m[48;2;127;191;244m▀[38;2;7;136;245m[48;2;7;136;245m▀[38;2;48;153;240m[48;2;38;149;240m▀[38;2;247;252;250m[48;2;247;252;251m▀[38;2;115;170;244m[48;2;122;177;246m▀[38;2;44;134;245m[48;2;56;88;240m▀[38;2;54;136;238m[48;2;53;42;229m▀[38;2;47;77;228m[48;2;58;28;221m▀[38;2;54;12;217m[48;2;92;93;224m▀[38;2;67;31;217m[48;2;125;169;235m▀[38;2;120;158;233m[48;2;107;145;181m▀[38;2;80;112;143m[49m▀               [0m
                     [38;2;125;125;133m▀[38;2;203;203;206m▀[38;2;248;251;250m[48;2;145;145;153m▀[38;2;235;250;250m[48;2;213;214;215m▀[38;2;136;233;242m[48;2;251;251;250m▀[38;2;115;229;244m[48;2;249;251;251m▀[38;2;54;219;241m[48;2;228;247;248m▀[38;2;39;193;239m[48;2;192;241;245m▀[38;2;42;200;241m[48;2;125;231;244m▀[38;2;87;129;226m[48;2;116;143;230m▀[38;2;63;212;244m[48;2;116;221;245m▀[38;2;205;241;247m[48;2;171;234;244m▀[38;2;161;207;242m[48;2;247;250;250m▀[38;2;7;134;243m[48;2;102;178;239m▀[38;2;37;149;241m[48;2;37;146;239m▀[38;2;248;251;251m[48;2;249;251;250m▀[38;2;122;183;244m[48;2;146;222;238m▀[38;2;57;94;236m[48;2;145;222;246m▀[38;2;102;134;235m[48;2;148;225;248m▀[38;2;114;151;233m[48;2;124;181;211m▀[38;2;140;203;239m[49m▀[38;2;80;111;140m▀                 [0m
                           [38;2;181;182;187m▀[38;2;251;252;252m▀[38;2;249;251;251m▀[38;2;246;252;251m▀[38;2;236;253;251m▀[38;2;148;224;240m▀[38;2;250;252;250m[48;2;162;192;212m▀[38;2;240;247;249m[48;2;250;252;251m▀[38;2;105;177;233m[48;2;241;246;248m▀[38;2;249;252;250m[48;2;250;252;251m▀[38;2;128;198;221m[49m▀[38;2;96;162;194m▀                     [0m
                                  [38;2;179;203;217m▀[38;2;251;251;251m[48;2;165;190;207m▀[48;2;250;251;250m▀[49m                       [0m
                                    [38;2;159;182;199m▀                       [0m
                                                            [0m
                                                            [0m