                                                            [0m
                                                            [0m
                                                            [0m
                                                            [0m
                                                            [0m
                                                            [0m
                      [38;2;49;52;122m[48;2;32;28;91m▀[49m             [38;2;50;55;155m▄[38;2;36;32;104m▄[38;2;32;19;65m▄                     [0m
                   [38;2;77;73;95m[48;2;37;36;99m▀[49m [38;2;67;79;149m[48;2;42;53;142m▀[38;2;42;37;87m[48;2;41;31;72m▀[49m  [38;2;28;22;83m▄[38;2;36;25;72m[48;2;29;20;74m▀[49m        [38;2;47;58;150m[48;2;31;29;96m▀[38;2;30;12;75m[48;2;24;10;61m▀[38;2;27;12;68m[48;2;25;11;63m▀[38;2;24;10;60m[48;2;24;11;60m▀[38;2;34;22;66m[48;2;25;11;59m▀[38;2;33;21;65m[49m▄                   [0m
                   [38;2;39;45;124m[48;2;48;67;165m▀[38;2;72;85;152m[48;2;47;66;162m▀[38;2;39;47;129m[48;2;47;65;161m▀[38;2;31;18;65m[48;2;30;27;92m▀[38;2;93;97;132m[48;2;45;56;141m▀[38;2;41;44;113m[48;2;28;19;78m▀[38;2;27;19;79m[48;2;33;33;103m▀[38;2;30;28;92m[48;2;32;30;96m▀[38;2;29;16;63m[48;2;25;11;60m▀[38;2;37;26;68m[49m▄      [38;2;25;13;66m[48;2;30;19;68m▀[38;2;29;13;70m[48;2;24;10;60m▀[38;2;37;18;87m[48;2;29;12;74m▀[38;2;30;15;74m[48;2;25;11;64m▀[38;2;24;10;60m[48;2;32;15;78m▀[38;2;25;10;59m[48;2;25;11;62m▀[38;2;41;30;71m[48;2;25;12;59m▀[49m                  [0m
                 [38;2;65;75;139m▄[38;2;93;104;152m[48;2;62;74;149m▀[38;2;48;67;164m[48;2;43;56;147m▀[38;2;41;51;139m[48;2;37;43;123m▀[38;2;44;58;146m[48;2;36;42;120m▀[38;2;45;61;154m[48;2;44;60;155m▀[38;2;39;46;126m[48;2;29;24;87m▀[38;2;23;9;59m[48;2;23;10;58m▀[38;2;38;42;120m[48;2;44;59;150m▀[38;2;32;30;95m[48;2;28;21;81m▀[38;2;25;11;60m[48;2;24;11;60m▀[48;2;25;10;60m▄[38;2;62;55;88m[48;2;30;17;63m▀[49m     [38;2;54;63;143m[48;2;53;65;147m▀[38;2;24;10;59m[48;2;25;10;59m▀[38;2;29;11;71m[48;2;26;10;65m▀[38;2;24;10;59m[48;2;26;11;64m▀[38;2;27;11;65m[48;2;24;11;60m▀[38;2;29;12;71m[48;2;29;12;73m▀[38;2;25;10;59m[48;2;26;10;63m▀[38;2;45;34;73m[48;2;23;10;58m▀[49m                 [0m
                 [38;2;52;57;120m[48;2;71;69;101m▀[38;2;41;53;140m[48;2;32;29;93m▀[38;2;40;33;90m[48;2;142;136;159m▀[38;2;58;47;91m[48;2;219;218;221m▀[38;2;27;20;82m[48;2;27;15;71m▀[38;2;41;52;137m[48;2;43;58;146m▀[38;2;30;28;94m[48;2;44;57;146m▀[38;2;27;18;76m[48;2;35;34;106m▀[38;2;42;52;136m[48;2;36;41;117m▀[38;2;30;24;87m[48;2;33;32;102m▀[38;2;30;23;83m[48;2;32;31;99m▀[38;2;24;11;60m[48;2;30;19;76m▀[38;2;25;11;60m[48;2;25;11;60m▀[38;2;38;26;69m[49m▄    [38;2;53;64;145m[48;2;51;63;146m▀[38;2;25;11;59m[48;2;25;11;60m▀[38;2;25;10;61m▀[38;2;28;11;69m[48;2;29;12;72m▀[38;2;25;11;60m[48;2;25;11;60m▀[38;2;24;10;60m▀[38;2;27;10;68m[48;2;26;11;65m▀[38;2;24;10;60m[48;2;26;10;65m▀[38;2;44;34;73m[48;2;28;15;62m▀[49m                [0m
                 [38;2;89;99;150m▄[38;2;37;42;120m[48;2;48;67;166m▀[38;2;145;140;163m[48;2;72;73;129m▀[38;2;238;237;239m[48;2;94;90;134m▀[38;2;36;37;107m[48;2;42;55;143m▀[38;2;43;59;149m[48;2;31;26;95m▀[38;2;40;51;135m[48;2;24;13;67m▀[38;2;46;64;159m[48;2;30;28;91m▀[38;2;28;21;80m[48;2;24;10;59m▀[38;2;34;33;102m[48;2;30;25;86m▀[38;2;36;40;117m[48;2;43;55;144m▀[38;2;38;38;111m[48;2;44;56;145m▀[38;2;24;11;59m[48;2;24;9;59m▀[38;2;26;13;61m[48;2;25;11;60m▀[38;2;66;59;88m[49m▄   [38;2;40;46;131m[48;2;36;39;115m▀[38;2;25;11;60m[48;2;25;11;59m▀[38;2;25;12;60m[48;2;25;12;60m▀[38;2;30;13;73m[48;2;29;12;68m▀[38;2;24;11;60m[48;2;28;13;69m▀[38;2;25;11;60m[48;2;25;11;60m▀[38;2;25;11;61m[48;2;25;11;61m▀[38;2;27;11;69m[48;2;27;10;68m▀[38;2;24;10;60m[48;2;25;10;61m▀[38;2;66;58;88m[48;2;27;15;60m▀[49m               [0m
                 [38;2;53;69;158m[48;2;40;49;132m▀[38;2;43;58;149m[48;2;44;59;151m▀[38;2;48;67;165m▄[38;2;43;55;144m[48;2;44;59;153m▀[38;2;30;26;94m[48;2;23;10;65m▀[38;2;26;11;70m[48;2;29;23;86m▀[38;2;26;14;67m[48;2;25;11;60m▀[38;2;28;14;67m▀[38;2;25;11;60m▀[38;2;25;12;62m[48;2;27;16;70m▀[38;2;38;47;126m[48;2;44;58;146m▀[38;2;47;65;161m[48;2;45;62;154m▀[38;2;32;27;90m[48;2;44;55;142m▀[38;2;25;11;60m[48;2;23;10;59m▀[38;2;24;10;58m[48;2;24;10;59m▀[49m  [38;2;75;88;154m[48;2;46;55;139m▀[38;2;29;22;84m[48;2;25;12;63m▀[38;2;25;11;59m[48;2;26;11;60m▀[38;2;26;12;60m[48;2;26;12;60m▀[38;2;28;13;67m[48;2;25;10;60m▀[38;2;33;15;79m[48;2;35;18;82m▀[38;2;26;12;64m[48;2;35;19;84m▀[38;2;28;14;68m[48;2;56;43;129m▀[38;2;27;13;69m[48;2;57;43;131m▀[38;2;24;10;61m[48;2;37;24;88m▀[38;2;25;11;60m[48;2;24;10;60m▀[38;2;75;68;95m[49m▄              [0m
                 [38;2;46;64;161m[48;2;31;30;91m▀[38;2;48;67;167m[48;2;30;28;93m▀[38;2;46;61;158m[48;2;32;33;104m▀[38;2;26;14;83m[48;2;36;39;113m▀[38;2;37;40;118m[48;2;27;17;75m▀[38;2;39;43;121m[48;2;25;14;69m▀[38;2;25;11;60m[48;2;25;11;60m▀▀[38;2;25;12;60m[48;2;25;12;60m▀[38;2;26;16;69m[48;2;24;11;61m▀[38;2;48;63;155m[48;2;34;35;105m▀[38;2;43;56;145m[48;2;39;46;126m▀[38;2;48;65;161m[48;2;49;68;165m▀[38;2;38;45;125m▀[38;2;28;19;78m[48;2;45;62;155m▀[38;2;67;58;90m[48;2;43;43;110m▀[38;2;83;95;150m[48;2;49;62;149m▀[38;2;34;32;101m[48;2;25;13;65m▀[38;2;24;11;59m[48;2;25;11;59m▀[38;2;26;12;60m[48;2;25;12;60m▀▀[38;2;25;10;60m[48;2;25;11;60m▀[38;2;35;20;84m[48;2;38;22;88m▀[38;2;29;13;72m[48;2;26;11;63m▀[38;2;55;39;124m[48;2;53;35;119m▀[38;2;54;41;125m[48;2;47;33;110m▀[38;2;51;37;117m[48;2;52;38;121m▀[38;2;24;10;59m[48;2;27;13;67m▀[38;2;30;17;63m[48;2;31;18;64m▀[49m              [0m
                  [38;2;71;76;133m[48;2;48;50;114m▀[38;2;35;35;110m[48;2;23;9;61m▀[38;2;26;15;71m[48;2;31;19;65m▀[38;2;23;9;60m[49m▀[38;2;23;8;60m▀[38;2;24;10;60m[48;2;60;52;83m▀[38;2;25;11;60m[48;2;24;10;59m▀[38;2;26;11;60m[48;2;26;11;60m▀[38;2;31;27;92m[48;2;35;39;112m▀[38;2;36;41;117m[48;2;33;34;106m▀[38;2;42;53;138m[48;2;40;47;128m▀[38;2;48;67;164m[48;2;48;67;165m▀[38;2;49;68;165m[48;2;48;68;165m▀[38;2;47;65;161m[48;2;43;55;143m▀[38;2;46;63;154m[48;2;37;39;112m▀[38;2;33;30;98m[48;2;28;18;73m▀[38;2;24;11;59m[48;2;25;11;60m▀[38;2;26;11;60m▄[38;2;25;12;60m[48;2;25;12;60m▀[38;2;26;12;60m[48;2;26;12;60m▀[38;2;25;11;60m[48;2;26;11;60m▀[38;2;38;22;87m[48;2;39;22;87m▀[38;2;25;11;63m[48;2;27;12;66m▀[38;2;49;31;110m[48;2;43;25;98m▀[38;2;56;43;129m[48;2;49;32;112m▀[48;2;55;39;124m▀[38;2;37;24;88m[48;2;37;24;87m▀[38;2;24;11;59m[48;2;24;10;60m▀[49m              [0m
                  [38;2;73;67;92m▀[38;2;24;10;59m▀    [38;2;38;27;69m[48;2;60;51;83m▀[38;2;25;11;60m[48;2;25;11;60m▀[38;2;36;40;112m[48;2;36;40;112m▀[38;2;30;26;90m[48;2;30;26;91m▀[38;2;48;62;156m[48;2;48;67;165m▀[38;2;43;57;146m▄[38;2;48;68;165m▀[38;2;43;56;144m[48;2;43;56;143m▀[38;2;23;9;59m[48;2;25;10;60m▀[38;2;25;11;60m[48;2;26;12;60m▀▀▀[38;2;25;12;60m▄[38;2;26;12;60m▀▀[38;2;39;23;88m[48;2;36;20;82m▀[38;2;27;13;66m[48;2;29;15;72m▀[38;2;37;18;85m[48;2;34;16;82m▀[38;2;43;20;95m[48;2;42;20;96m▀[38;2;52;35;116m[48;2;50;32;112m▀[38;2;53;38;119m[48;2;57;43;128m▀[38;2;26;12;64m[48;2;27;13;65m▀[38;2;73;66;93m[48;2;61;52;85m▀[49m             [0m
                        [38;2;75;68;94m[48;2;61;55;91m▀[38;2;25;11;60m[48;2;33;29;94m▀[38;2;36;39;113m[48;2;35;38;112m▀[38;2;31;32;101m[48;2;36;41;120m▀[38;2;44;57;147m[48;2;42;56;144m▀[38;2;41;50;135m[48;2;48;64;159m▀[38;2;48;67;165m[48;2;45;60;152m▀[38;2;42;56;144m[48;2;39;48;129m▀[38;2;25;10;60m[48;2;25;10;59m▀[38;2;26;12;60m[48;2;26;12;60m▀▀▀[38;2;25;12;61m▀[38;2;26;12;60m▀▀[38;2;30;15;71m[48;2;29;14;69m▀[38;2;34;19;81m[48;2;35;19;82m▀[38;2;33;16;80m[48;2;30;14;73m▀[38;2;50;32;113m[48;2;54;39;122m▀[38;2;53;37;119m[48;2;57;43;128m▀[38;2;57;43;129m[48;2;58;43;128m▀[38;2;31;16;72m[48;2;40;26;91m▀[38;2;61;52;85m[48;2;61;52;85m▀[49m             [0m
                        [38;2;52;46;90m[48;2;51;45;87m▀[38;2;40;48;130m[48;2;45;59;149m▀[38;2;35;40;115m[48;2;45;59;150m▀[38;2;46;66;161m[48;2;48;67;165m▀[38;2;40;47;131m[48;2;48;67;164m▀[38;2;46;63;156m▀[38;2;43;56;145m▀[38;2;26;17;76m[48;2;33;30;96m▀[38;2;25;11;60m[48;2;25;11;60m▀[38;2;26;12;60m[48;2;26;12;61m▀▀[48;2;26;12;60m▀[38;2;26;12;61m[48;2;26;12;61m▀[38;2;26;12;60m[48;2;26;12;60m▀▀[38;2;26;12;64m[48;2;27;12;64m▀[38;2;37;21;84m[48;2;37;21;85m▀[38;2;31;15;74m[48;2;32;16;76m▀[38;2;49;29;109m[48;2;47;27;106m▀[38;2;52;35;116m[48;2;46;26;103m▀[38;2;58;44;127m[48;2;58;43;127m▀[38;2;40;26;91m[48;2;40;26;91m▀[38;2;61;52;85m[48;2;60;51;85m▀[49m             [0m
                        [38;2;49;39;75m[48;2;49;39;75m▀[38;2;40;42;123m[48;2;41;35;115m▀[38;2;45;54;147m[48;2;38;35;115m▀[38;2;48;67;165m[48;2;47;67;164m▀[48;2;49;68;165m▀[38;2;43;57;148m[48;2;36;42;122m▀[38;2;41;51;136m[48;2;38;43;121m▀[38;2;25;12;63m[48;2;23;9;61m▀[38;2;25;12;60m[48;2;25;11;60m▀[48;2;26;11;60m▀[38;2;26;12;60m[48;2;26;12;60m▀▀[48;2;26;12;61m▀▀[48;2;25;12;60m▀[38;2;27;12;64m[48;2;27;13;64m▀[38;2;37;21;84m[48;2;38;21;85m▀[38;2;33;19;78m[48;2;33;20;79m▀[38;2;54;39;122m[48;2;57;43;126m▀[38;2;50;32;111m[48;2;57;43;127m▀[38;2;58;43;127m▀[38;2;40;26;92m[48;2;44;29;99m▀[38;2;60;52;84m[48;2;60;51;84m▀[49m             [0m
                        [38;2;77;70;95m▀[38;2;43;54;139m[48;2;34;37;109m▀[38;2;38;37;118m[48;2;42;47;136m▀[38;2;48;61;157m[48;2;43;42;129m▀[38;2;48;67;166m[48;2;48;67;166m▀[38;2;35;37;110m[48;2;34;36;108m▀[38;2;49;66;163m[48;2;49;68;165m▀[38;2;39;46;126m[48;2;48;66;164m▀[38;2;29;20;77m[48;2;32;28;92m▀[38;2;25;12;60m[48;2;25;11;60m▀[38;2;26;12;60m[48;2;26;12;60m▀[48;2;26;12;61m▀[38;2;26;12;61m▀[38;2;26;12;60m[48;2;25;11;61m▀[48;2;25;11;60m▀[38;2;27;13;63m[48;2;27;12;63m▀[38;2;37;20;85m[48;2;36;19;84m▀[38;2;33;20;78m[48;2;33;19;78m▀[38;2;56;41;124m[48;2;57;43;127m▀[38;2;52;35;117m[48;2;42;21;96m▀[38;2;56;42;125m[48;2;53;38;119m▀[38;2;44;30;101m[48;2;44;30;100m▀[38;2;60;51;84m[48;2;60;51;84m▀[49m             [0m
                         [38;2;25;14;67m[48;2;42;50;130m▀[38;2;38;46;127m[48;2;25;15;71m▀[38;2;32;32;102m[48;2;33;33;102m▀[38;2;30;26;88m[48;2;24;11;59m▀[38;2;31;28;94m[48;2;32;28;92m▀[38;2;49;67;164m[48;2;49;67;165m▀[38;2;44;59;150m[48;2;43;56;144m▀[38;2;26;15;68m[48;2;24;10;59m▀[38;2;25;11;59m[48;2;25;11;60m▀[38;2;26;12;60m[48;2;26;12;60m▀▀[38;2;25;11;60m[48;2;33;20;66m▀[38;2;59;51;84m[49m▀[38;2;39;27;70m[48;2;70;63;90m▀[38;2;26;12;62m[48;2;25;11;62m▀[38;2;34;17;81m[48;2;33;15;80m▀[38;2;33;20;78m[48;2;34;20;78m▀[38;2;58;43;128m[48;2;58;43;127m▀[38;2;43;21;97m[48;2;56;41;123m▀[38;2;54;38;119m[48;2;58;42;126m▀[38;2;44;29;100m[48;2;44;29;100m▀[38;2;60;51;85m[48;2;60;51;84m▀[49m             [0m
                         [38;2;47;63;152m[48;2;51;67;157m▀[38;2;28;19;78m[48;2;26;16;70m▀[38;2;29;21;80m[48;2;25;10;60m▀[38;2;25;11;60m[48;2;25;11;60m▀[38;2;28;19;77m[48;2;24;10;60m▀[38;2;48;67;164m[48;2;48;67;162m▀[38;2;44;56;145m[48;2;43;56;145m▀[38;2;24;10;59m[48;2;24;10;59m▀[38;2;25;11;60m[48;2;25;11;60m▀[38;2;25;12;60m▀[48;2;26;12;60m▄[38;2;29;16;62m[48;2;25;10;59m▀[49m  [38;2;25;11;60m▀[38;2;32;15;79m[48;2;24;9;61m▀[38;2;34;20;77m[48;2;33;19;78m▀[38;2;58;43;126m[48;2;58;43;127m▀[38;2;57;42;127m[48;2;51;35;116m▀[38;2;58;43;127m[48;2;58;43;127m▀[38;2;44;30;100m[48;2;45;29;100m▀[38;2;60;51;84m[48;2;60;51;84m▀[49m             [0m
                         [38;2;50;66;154m[48;2;67;78;149m▀[38;2;23;9;58m[48;2;24;12;64m▀[38;2;25;11;60m[48;2;25;10;61m▀[48;2;44;34;73m▀[38;2;24;10;60m[48;2;23;9;60m▀[38;2;49;67;163m[48;2;48;66;163m▀[38;2;43;56;145m[48;2;43;56;145m▀[38;2;24;10;59m[48;2;28;21;80m▀[38;2;24;11;59m[48;2;36;38;110m▀[38;2;25;11;60m[48;2;27;16;71m▀[48;2;25;11;60m▀[38;2;25;10;59m[48;2;24;10;59m▀[49m   [38;2;50;40;77m[48;2;54;45;80m▀[38;2;33;19;78m[48;2;59;50;89m▀[38;2;58;42;126m[48;2;70;59;123m▀[38;2;57;43;126m[48;2;58;42;127m▀[38;2;58;43;127m[48;2;58;43;127m▀[38;2;44;30;100m[48;2;44;30;101m▀[38;2;60;50;85m[48;2;60;50;85m▀[49m             [0m
                      [38;2;90;99;150m▄[38;2;66;61;100m▄ [38;2;72;84;156m[48;2;54;69;161m▀[38;2;30;25;86m[48;2;24;11;62m▀[38;2;24;10;60m[48;2;26;12;62m▀[49m [38;2;29;25;86m[48;2;58;64;125m▀[38;2;48;67;164m[48;2;48;67;164m▀[38;2;38;44;123m[48;2;32;30;99m▀[38;2;41;50;133m[48;2;48;65;162m▀[38;2;48;68;165m[48;2;32;33;103m▀[38;2;44;57;145m[48;2;42;55;145m▀[38;2;25;12;63m[48;2;36;37;110m▀[38;2;24;10;60m[48;2;24;10;59m▀[38;2;68;61;90m[48;2;33;21;65m▀[49m  [38;2;54;45;79m▀  [38;2;61;47;127m[48;2;81;72;128m▀[38;2;58;43;127m[48;2;58;42;127m▀[38;2;44;30;100m[48;2;44;30;100m▀[38;2;59;50;85m[48;2;79;73;99m▀[49m             [0m
                      [38;2;49;64;166m[48;2;39;45;129m▀[38;2;28;21;81m[48;2;25;13;66m▀[38;2;22;10;62m[48;2;30;24;87m▀[38;2;50;64;161m[48;2;39;45;125m▀[38;2;24;12;63m[48;2;24;10;60m▀[38;2;30;17;63m[48;2;29;16;63m▀[49m [38;2;60;70;141m[48;2;51;64;148m▀[38;2;45;61;153m[48;2;43;56;144m▀[38;2;32;27;95m[48;2;29;21;81m▀[38;2;48;65;162m[48;2;47;64;160m▀[38;2;27;22;83m[48;2;34;33;101m▀[38;2;34;34;104m[48;2;25;11;62m▀[38;2;47;63;158m[48;2;35;39;112m▀[38;2;28;18;76m[48;2;37;40;115m▀[38;2;28;15;63m[48;2;25;11;61m▀[49m      [38;2;57;42;126m[48;2;56;41;124m▀[38;2;43;29;100m[48;2;43;29;100m▀[49m              [0m
                      [38;2;35;37;111m[48;2;34;22;67m▀[38;2;24;10;60m[48;2;24;10;60m▀[38;2;33;31;99m[48;2;36;40;115m▀[38;2;39;45;124m[48;2;39;44;125m▀[38;2;25;11;60m[48;2;25;11;60m▀▀[38;2;33;28;85m[48;2;31;26;90m▀[38;2;48;66;164m[48;2;48;66;163m▀[38;2;32;28;94m[48;2;31;27;88m▀[38;2;22;9;58m[48;2;24;10;59m▀[38;2;33;29;98m[48;2;34;34;105m▀[38;2;24;9;59m[48;2;24;10;59m▀[38;2;25;11;59m[48;2;25;11;60m▀[38;2;27;17;74m[48;2;25;10;59m▀[38;2;40;47;130m[48;2;41;50;131m▀[38;2;24;11;62m[48;2;31;26;89m▀[38;2;70;64;91m[48;2;40;28;69m▀[49m     [38;2;90;82;129m▀[38;2;43;29;99m[48;2;43;28;97m▀[49m              [0m
                      [38;2;62;54;85m▀[38;2;24;9;59m[48;2;29;16;63m▀[38;2;39;45;124m[48;2;39;44;125m▀[38;2;30;26;89m[48;2;29;23;84m▀[38;2;25;11;60m[48;2;25;11;60m▀▀[38;2;37;39;114m[48;2;40;48;128m▀[38;2;46;60;154m[48;2;43;55;143m▀[38;2;23;9;58m[48;2;25;10;60m▀[38;2;25;11;60m[48;2;25;11;60m▀[38;2;36;37;109m[48;2;35;33;101m▀[38;2;26;13;66m[48;2;30;23;86m▀[38;2;25;11;60m[48;2;25;11;60m▀[48;2;26;12;60m▀[38;2;26;15;70m[48;2;26;13;65m▀[38;2;37;38;110m[48;2;29;21;79m▀[38;2;24;10;59m[48;2;24;10;60m▀[49m      [38;2;24;9;61m[48;2;32;18;65m▀[49m              [0m
                       [38;2;63;55;86m▀[38;2;40;47;129m[48;2;42;52;139m▀[38;2;29;23;82m[48;2;24;9;60m▀[38;2;25;11;60m[48;2;24;10;60m▀[48;2;30;24;84m▀[38;2;44;56;145m[48;2;47;66;164m▀[38;2;37;40;115m[48;2;31;25;88m▀[38;2;25;11;60m[48;2;25;11;60m▀[38;2;26;11;60m[48;2;26;11;60m▀[38;2;28;17;72m[48;2;24;10;59m▀[38;2;37;37;111m[48;2;41;50;130m▀[38;2;25;10;60m[48;2;23;9;59m▀[38;2;25;11;60m[48;2;25;11;60m▀[38;2;25;12;60m[48;2;26;12;61m▀[38;2;25;11;60m[48;2;26;12;60m▀[48;2;25;11;60m▀[49m      [38;2;35;23;68m▀              [0m
                        [38;2;40;50;134m[48;2;35;35;109m▀[38;2;36;24;69m[48;2;68;61;90m▀[38;2;33;21;66m[48;2;77;70;94m▀[38;2;31;29;95m[48;2;38;41;113m▀[38;2;45;59;152m[48;2;44;55;144m▀[38;2;26;15;68m[48;2;24;10;59m▀[38;2;25;11;60m[48;2;25;11;60m▀[38;2;25;12;60m[48;2;26;11;60m▀[38;2;25;11;60m[48;2;25;11;60m▀[38;2;30;25;87m[48;2;25;12;63m▀[38;2;31;26;89m[48;2;34;34;105m▀[38;2;24;11;60m[48;2;24;11;59m▀[38;2;26;12;60m[48;2;26;11;60m▀[48;2;26;12;61m▄[38;2;25;11;60m[48;2;43;31;72m▀[49m                     [0m
                      [38;2;68;75;143m▄[38;2;87;94;141m[48;2;45;52;137m▀[38;2;31;29;97m[48;2;23;9;61m▀[49m  [38;2;75;85;154m[48;2;47;57;144m▀[38;2;34;32;100m[48;2;23;11;64m▀[38;2;24;10;60m[48;2;51;42;80m▀[38;2;25;11;60m[48;2;28;15;63m▀[48;2;28;19;75m▀[48;2;34;30;99m▀[38;2;24;10;60m[48;2;36;33;102m▀[38;2;36;38;109m[48;2;29;22;85m▀[38;2;30;23;82m[48;2;24;11;61m▀[38;2;26;11;60m[48;2;25;11;60m▀▄[38;2;51;41;79m[48;2;31;18;64m▀[38;2;63;55;86m[49m▄                    [0m
                    [38;2;85;90;144m▄[38;2;40;45;126m[48;2;33;32;103m▀[38;2;36;39;117m[48;2;34;36;111m▀[38;2;36;37;113m[48;2;27;19;78m▀[38;2;41;30;77m[48;2;31;25;87m▀[38;2;53;56;125m[48;2;36;42;120m▀[38;2;44;54;146m[48;2;32;29;99m▀[38;2;48;63;159m[48;2;37;38;113m▀[38;2;27;17;73m[48;2;22;8;58m▀[38;2;22;8;58m[49m▄[38;2;45;35;76m[48;2;23;8;59m▀[38;2;33;30;96m[48;2;36;37;111m▀[38;2;38;42;119m[48;2;35;34;108m▀[38;2;39;42;120m[48;2;31;27;93m▀[38;2;29;18;76m[48;2;22;8;59m▀[38;2;24;10;59m[48;2;24;10;59m▀[38;2;25;11;60m[48;2;25;11;60m▀[38;2;26;11;60m[48;2;26;12;60m▀[38;2;25;11;60m[48;2;25;12;60m▀[48;2;29;15;63m▄[38;2;36;24;68m[49m▄                   [0m
                    [38;2;81;80;123m[48;2;94;91;123m▀[38;2;38;33;93m[48;2;60;55;108m▀[38;2;37;32;95m[48;2;63;57;114m▀[38;2;59;55;124m[48;2;69;66;135m▀[38;2;70;72;150m[48;2;89;89;169m▀[38;2;37;38;110m[48;2;38;37;103m▀[38;2;34;35;107m[48;2;33;31;97m▀[38;2;32;29;97m[48;2;27;18;79m▀[38;2;79;75;146m[48;2;102;102;184m▀[38;2;82;79;152m[48;2;105;106;190m▀[38;2;83;80;155m▀[38;2;63;60;129m[48;2;103;102;186m▀[38;2;68;63;132m[48;2;102;103;185m▀[38;2;87;85;160m[48;2;105;105;191m▀[38;2;92;91;169m[48;2;105;105;190m▀[38;2;59;51;115m[48;2;66;59;126m▀[38;2;25;11;59m[48;2;25;11;60m▀[38;2;26;12;60m[48;2;26;12;60m▀▀[38;2;26;11;60m▀[38;2;25;10;60m[48;2;25;11;60m▀[38;2;56;47;81m[49m▄                  [0m
                    [38;2;116;117;162m[48;2;116;118;164m▀[38;2;101;100;180m[48;2;104;105;189m▀[38;2;100;99;182m[48;2;104;105;190m▀[38;2;101;101;184m▀[38;2;104;104;188m[48;2;104;105;191m▀[38;2;69;64;126m[48;2;105;107;193m▀[38;2;61;54;111m[48;2;84;83;159m▀[38;2;31;19;74m[48;2;85;83;157m▀[38;2;102;102;184m[48;2;104;104;189m▀[38;2;105;106;190m[48;2;105;106;191m▀▀▀[48;2;105;106;192m▀[48;2;106;107;192m▀[48;2;106;106;191m▀[38;2;66;59;126m[48;2;66;60;127m▀[38;2;25;11;59m[48;2;25;11;60m▀[38;2;26;12;60m[48;2;26;12;60m▀▀▀[38;2;26;11;60m[48;2;25;12;60m▀[48;2;25;11;59m▄[38;2;23;9;58m[48;2;25;10;60m▀[49m                 [0m
                     [38;2;55;47;113m[48;2;52;41;93m▀[38;2;54;45;111m[48;2;44;30;99m▀[38;2;53;44;109m[48;2;46;33;103m▀[38;2;52;42;107m[48;2;48;36;106m▀[38;2;50;40;104m[48;2;50;37;108m▀[38;2;48;38;101m[48;2;52;39;112m▀[38;2;46;35;97m[48;2;53;41;115m▀[38;2;44;33;93m[48;2;54;43;117m▀[38;2;42;31;90m[48;2;56;45;120m▀[38;2;41;29;88m[48;2;59;49;125m▀[38;2;39;27;84m[48;2;61;50;128m▀[38;2;37;25;82m[48;2;63;53;132m▀[38;2;35;23;79m[48;2;63;54;134m▀[38;2;34;20;77m[48;2;66;55;138m▀[38;2;28;15;67m[48;2;29;15;67m▀[38;2;25;11;60m[48;2;25;11;60m▀[38;2;26;12;60m[48;2;26;12;60m▀▀▀▀[38;2;26;11;61m[48;2;25;11;61m▀[38;2;25;11;60m[48;2;42;32;73m▀[49m                 [0m
                      [38;2;58;49;119m[48;2;68;61;101m▀[38;2;50;38;111m[48;2;28;15;66m▀[38;2;49;38;109m[48;2;24;10;60m▀[38;2;49;37;107m[48;2;25;11;59m▀[38;2;47;36;104m▀[38;2;47;36;102m[48;2;24;10;60m▀[38;2;45;34;100m[48;2;43;33;91m▀[38;2;44;33;98m[48;2;29;17;68m▀[38;2;44;32;95m[48;2;25;11;60m▀[38;2;42;30;93m▀[38;2;41;29;91m▀[38;2;38;26;88m[48;2;48;40;99m▀[38;2;37;25;85m[48;2;60;53;118m▀[38;2;26;12;62m[48;2;29;16;67m▀[38;2;25;11;60m[48;2;26;11;60m▀[38;2;26;12;60m[48;2;25;12;60m▀[48;2;25;11;61m▀[38;2;25;12;60m[48;2;26;12;61m▀[38;2;26;11;60m[48;2;25;11;60m▀[38;2;25;10;60m[48;2;58;50;84m▀[49m                  [0m
                      [38;2;103;103;189m[48;2;86;83;165m▀[38;2;56;44;116m[48;2;55;40;116m▀[38;2;24;10;60m[48;2;24;10;60m▀[38;2;24;11;59m[48;2;47;37;96m▀[38;2;24;11;60m[48;2;57;49;112m▀[38;2;32;21;73m[48;2;62;55;121m▀[38;2;88;87;164m[48;2;92;93;173m▀[38;2;60;52;119m[48;2;66;61;129m▀[38;2;24;10;60m[48;2;61;54;118m▀[48;2;89;86;162m▀[48;2;89;87;165m▀[38;2;72;67;136m[48;2;99;99;179m▀[38;2;104;106;191m[48;2;65;59;126m▀[38;2;46;36;94m[48;2;35;22;75m▀[38;2;26;11;60m[48;2;26;11;59m▀[38;2;26;12;60m[48;2;26;12;60m▀[48;2;25;12;60m▀[48;2;26;12;60m▀[38;2;26;11;60m[48;2;26;11;61m▀[38;2;58;50;83m[48;2;25;9;60m▀[49m                  [0m
                      [38;2;66;60;86m▀[38;2;22;9;58m[48;2;25;11;59m▀[38;2;24;10;60m[48;2;24;10;60m▀[38;2;71;66;137m[48;2;23;9;59m▀[38;2;92;92;173m[48;2;45;35;95m▀[38;2;95;96;179m[48;2;103;103;192m▀[38;2;87;87;167m[48;2;101;101;187m▀[38;2;40;28;85m[48;2;40;29;86m▀[38;2;38;28;83m[48;2;28;14;68m▀[38;2;87;84;165m[48;2;33;18;77m▀[38;2;99;99;184m[48;2;85;79;163m▀[38;2;90;89;168m[48;2;98;99;182m▀[38;2;27;14;66m[48;2;38;26;82m▀[38;2;25;11;60m[48;2;25;11;60m▀[48;2;25;12;60m▀[38;2;26;12;60m▄[48;2;26;12;60m▀[38;2;25;11;60m[48;2;25;12;60m▀[48;2;24;11;59m▀[38;2;47;36;75m[49m▀                  [0m
                       [38;2;91;88;148m[48;2;110;111;176m▀[38;2;31;18;70m[48;2;33;20;74m▀[38;2;37;22;84m[48;2;44;30;99m▀[38;2;41;28;92m[48;2;56;39;124m▀[38;2;76;65;152m[48;2;80;71;157m▀[38;2;98;97;185m[48;2;104;105;191m▀[38;2;47;37;96m[48;2;103;105;191m▀[38;2;47;31;102m[48;2;40;30;88m▀[38;2;47;32;104m[48;2;59;43;126m▀[38;2;70;59;144m[48;2;60;45;129m▀[38;2;103;104;189m[48;2;99;98;184m▀[38;2;64;57;125m[48;2;65;58;126m▀[38;2;25;11;60m[48;2;25;11;60m▀[38;2;26;12;60m[48;2;26;12;60m▀▀▀[38;2;26;11;60m▀[38;2;61;52;85m[48;2;67;60;89m▀[49m                   [0m
                       [38;2;111;112;177m[48;2;111;113;177m▀[38;2;32;20;74m[48;2;33;20;74m▀[38;2;44;29;99m[48;2;45;29;98m▀[38;2;58;43;126m[48;2;72;61;146m▀[38;2;91;87;171m[48;2;96;96;178m▀[38;2;43;33;91m▄[38;2;103;105;190m[48;2;94;93;171m▀[38;2;57;48;114m[48;2;91;90;169m▀[38;2;37;22;86m[48;2;39;25;85m▀[38;2;59;43;127m[48;2;58;43;124m▀[38;2;80;73;156m[48;2;80;73;157m▀[38;2;66;59;127m[48;2;66;59;127m▀[38;2;25;11;59m[48;2;25;11;60m▀[38;2;25;12;60m[48;2;26;11;60m▀[38;2;26;12;61m[48;2;26;12;60m▀[38;2;26;12;60m▀[48;2;26;11;60m▀[38;2;68;60;89m[48;2;67;60;89m▀[49m                   [0m
                       [38;2;111;112;176m[48;2;111;112;177m▀[38;2;32;20;74m[48;2;32;20;74m▀[38;2;44;28;98m[48;2;61;53;123m▀[38;2;98;97;182m[48;2;102;102;188m▀[38;2;76;72;145m[48;2;36;24;79m▀[38;2;23;10;58m[48;2;24;10;60m▀[38;2;66;60;128m[48;2;38;27;86m▀[38;2;104;106;190m[48;2;102;101;187m▀[38;2;51;42;103m[48;2;81;77;150m▀[38;2;45;30;100m[48;2;28;13;71m▀[38;2;80;73;158m[48;2;81;73;157m▀[38;2;65;59;127m[48;2;66;59;127m▀[38;2;25;11;59m[48;2;25;11;60m▀[38;2;26;11;60m▀[38;2;26;12;60m[48;2;26;12;60m▀▀[38;2;26;11;60m▀[38;2;67;59;89m[48;2;67;60;89m▀[49m                   [0m
                       [38;2;111;112;177m[48;2;110;112;176m▀[38;2;32;20;75m[48;2;49;41;102m▀[38;2;67;63;131m[48;2;98;97;181m▀[38;2;77;73;147m[48;2;56;49;113m▀[38;2;26;13;64m[48;2;23;9;59m▀[38;2;33;18;77m[48;2;41;26;93m▀[38;2;80;77;159m[48;2;51;42;107m▀[38;2;98;96;182m[48;2;91;88;174m▀[38;2;100;100;183m[48;2;103;105;190m▀[38;2;26;13;66m[48;2;64;58;126m▀[38;2;73;65;142m[48;2;61;54;120m▀[38;2;65;59;126m[48;2;65;59;127m▀[38;2;25;11;59m[48;2;25;11;60m▀[38;2;26;12;60m[48;2;26;12;60m▀▀▀▀[38;2;67;60;89m[48;2;67;59;89m▀[49m                   [0m
                       [38;2;111;112;176m[48;2;111;112;177m▀[38;2;52;44;108m[48;2;85;83;160m▀[38;2;94;93;175m[48;2;75;71;144m▀[38;2;25;12;63m[48;2;24;10;60m▀[38;2;31;17;73m[48;2;42;26;93m▀[38;2;37;21;84m[48;2;28;14;68m▀[38;2;30;17;70m[48;2;24;10;60m▀[38;2;81;77;157m[48;2;69;61;136m▀[38;2;104;105;190m[48;2;101;101;188m▀[38;2;79;75;150m[48;2;100;100;184m▀[38;2;61;54;119m[48;2;60;53;119m▀[38;2;65;59;127m[48;2;65;59;127m▀[38;2;24;11;60m[48;2;24;10;59m▀[38;2;26;12;60m[48;2;25;11;60m▀[48;2;26;12;60m▀[38;2;26;11;60m[48;2;26;11;60m▀[48;2;25;11;60m▀[38;2;67;60;89m[48;2;67;60;89m▀[49m                   [0m
                     [38;2;115;116;163m[48;2;103;103;190m▀[38;2;36;24;81m[49m▄[38;2;100;100;172m[48;2;50;40;102m▀[38;2;100;100;184m[48;2;94;93;175m▀[38;2;60;53;118m[48;2;47;38;99m▀[38;2;29;15;70m[48;2;36;21;82m▀[38;2;43;28;96m[48;2;40;26;92m▀[38;2;23;10;59m[48;2;25;11;62m▀[38;2;31;17;73m[48;2;39;25;90m▀[38;2;64;50;134m[48;2;63;49;133m▀[38;2;104;104;191m[48;2;97;94;181m▀[38;2;102;101;184m[48;2;101;100;185m▀[38;2;73;68;138m[48;2;105;106;191m▀[38;2;97;97;177m[48;2;105;105;190m▀[38;2;89;87;163m[48;2;104;105;190m▀[38;2;27;14;64m[48;2;28;15;66m▀[38;2;25;12;60m[48;2;25;11;60m▀[38;2;26;12;60m[48;2;26;12;60m▀▀[38;2;67;60;89m[48;2;44;34;74m▀[38;2;58;49;83m[49m▄[38;2;23;10;58m▄                 [0m
                     [38;2;104;103;191m[48;2;63;55;113m▀[38;2;38;25;82m[48;2;38;26;83m▀[38;2;24;9;59m[48;2;24;10;59m▀[38;2;80;74;151m[48;2;69;60;138m▀[38;2;37;25;80m[48;2;23;8;58m▀[38;2;36;21;82m[48;2;37;22;85m▀[38;2;40;26;91m[48;2;63;52;132m▀[38;2;34;20;79m[48;2;34;20;81m▀[38;2;59;44;125m[48;2;60;44;128m▀[38;2;69;57;141m[48;2;89;86;172m▀[38;2;86;80;165m[48;2;92;87;174m▀[38;2;94;90;178m[48;2;84;77;162m▀[38;2;105;106;191m[48;2;105;106;190m▀[38;2;91;90;170m▄[38;2;92;90;170m[48;2;24;10;59m▀[38;2;27;15;64m[48;2;25;11;59m▀[38;2;26;11;60m[48;2;25;11;60m▀[48;2;26;12;60m▀[38;2;26;12;60m▀[38;2;25;11;60m[48;2;26;11;61m▀[48;2;25;11;60m▀[38;2;23;10;59m[48;2;32;20;65m▀[49m                 [0m
                      [38;2;74;67;146m[48;2;33;21;67m▀[38;2;24;9;59m[48;2;24;10;59m▀[38;2;55;43;115m[48;2;43;27;95m▀[38;2;22;9;59m[48;2;28;14;68m▀[38;2;54;38;115m[48;2;49;33;107m▀[38;2;70;62;143m[48;2;50;40;105m▀[38;2;62;53;125m[48;2;75;72;149m▀[38;2;62;49;131m[48;2;61;53;122m▀[38;2;95;94;177m[48;2;70;65;137m▀[38;2;96;97;178m[48;2;51;42;105m▀[38;2;89;85;166m[48;2;91;89;169m▀[38;2;100;100;183m[48;2;94;93;172m▀[38;2;46;37;96m[48;2;27;14;66m▀[38;2;24;11;60m[48;2;25;11;60m▀[38;2;25;11;60m▀[38;2;26;12;60m[48;2;26;12;61m▀[48;2;26;12;60m▀[48;2;26;12;61m▀[38;2;25;11;60m[48;2;25;11;60m▀[38;2;25;11;61m[48;2;31;19;65m▀[49m                  [0m
                      [38;2;67;60;89m[48;2;112;113;162m▀[38;2;24;9;60m[48;2;57;47;112m▀[38;2;42;28;94m[48;2;42;27;93m▀[38;2;38;23;88m[48;2;51;35;113m▀[38;2;38;24;88m[48;2;38;23;87m▀[38;2;22;9;59m▀[38;2;89;89;169m[48;2;83;77;161m▀[38;2;95;96;178m[48;2;88;86;166m▀[38;2;36;23;80m[48;2;30;18;72m▀[38;2;28;16;69m[48;2;53;38;115m▀[38;2;106;106;190m[48;2;100;98;184m▀[48;2;105;107;191m▀[38;2;90;88;163m[48;2;91;89;167m▀[38;2;25;10;60m[48;2;25;10;60m▀[38;2;25;12;60m[48;2;25;12;60m▀[38;2;26;12;60m[48;2;26;12;60m▀[48;2;26;12;61m▀[38;2;26;12;61m▀[38;2;25;11;60m[48;2;25;11;61m▀[49m                   [0m
                      [38;2;114;115;167m[48;2;115;116;167m▀[38;2;58;50;116m[48;2;59;51;118m▀[38;2;42;27;93m[48;2;42;27;93m▀[38;2;41;25;91m[48;2;41;26;92m▀[38;2;23;9;59m[48;2;33;18;76m▀[38;2;42;27;94m[48;2;57;41;120m▀[38;2;67;54;137m[48;2;67;54;138m▀[38;2;69;63;135m[48;2;70;63;134m▀[38;2;23;10;60m[48;2;45;30;98m▀[38;2;53;36;114m[48;2;59;43;125m▀[38;2;79;72;155m[48;2;81;72;155m▀[38;2;106;107;191m[48;2;106;107;191m▀[38;2;91;90;168m[48;2;92;90;168m▀[38;2;25;10;60m[48;2;25;11;59m▀[38;2;26;11;60m[48;2;26;11;60m▀[38;2;26;12;60m[48;2;26;12;61m▀[38;2;26;12;61m▀▀[38;2;26;11;61m[48;2;25;11;60m▀[49m                   [0m
                      [38;2;115;117;168m[48;2;115;116;167m▀[38;2;59;50;117m[48;2;59;51;117m▀[38;2;42;27;93m[48;2;42;27;93m▀[38;2;41;26;91m[48;2;42;27;92m▀[38;2;35;20;81m[48;2;35;21;81m▀[38;2;60;45;127m[48;2;60;45;128m▀[38;2;67;54;138m[48;2;68;55;139m▀[38;2;69;64;134m[48;2;70;64;135m▀[38;2;48;33;104m[48;2;48;33;104m▀[38;2;60;45;127m[48;2;60;45;127m▀[38;2;81;73;156m[48;2;80;73;155m▀[38;2;107;107;191m[48;2;106;107;192m▀[38;2;91;90;169m[48;2;92;90;169m▀[38;2;25;11;60m[48;2;25;11;60m▀[48;2;26;11;61m▀[38;2;26;11;60m▄[38;2;26;12;61m[48;2;26;12;61m▀▀[38;2;25;11;61m[48;2;26;11;61m▀[49m                   [0m
                      [38;2;115;116;167m[48;2;115;116;167m▀[38;2;59;51;117m[48;2;59;50;118m▀[38;2;42;27;93m[48;2;41;26;92m▀[38;2;42;27;92m[48;2;42;27;92m▀[38;2;35;21;81m[48;2;36;21;80m▀[38;2;61;45;128m[48;2;61;45;128m▀[38;2;67;55;139m[48;2;67;55;138m▀[38;2;69;64;134m[48;2;69;64;133m▀[38;2;48;33;105m[48;2;48;34;105m▀[38;2;60;45;128m[48;2;61;45;128m▀[38;2;80;73;156m[48;2;81;73;156m▀[38;2;106;107;191m[48;2;106;107;191m▀[38;2;92;91;169m[48;2;92;90;169m▀[38;2;25;11;59m[48;2;25;11;59m▀[38;2;26;11;60m[48;2;26;11;60m▀[38;2;26;12;60m[48;2;26;12;60m▀[38;2;26;12;61m[48;2;26;12;61m▀[48;2;26;12;60m▀[38;2;25;11;61m[48;2;25;11;60m▀[49m                   [0m
                      [38;2;115;115;167m[48;2;114;115;168m▀[38;2;58;50;118m[48;2;58;50;118m▀[38;2;42;26;92m[48;2;41;26;92m▀[38;2;41;26;91m[48;2;40;25;91m▀[38;2;35;20;81m[48;2;35;20;80m▀[38;2;60;44;127m[48;2;59;44;128m▀[38;2;67;54;138m[48;2;66;53;139m▀[38;2;69;63;135m[48;2;68;62;135m▀[38;2;48;33;105m[48;2;47;33;105m▀[38;2;60;45;128m[48;2;60;44;129m▀[38;2;80;72;156m[48;2;79;71;157m▀[38;2;105;107;191m[48;2;105;106;192m▀[38;2;92;90;169m[48;2;91;90;169m▀[38;2;24;10;59m[48;2;23;9;59m▀[38;2;25;11;60m[48;2;24;11;60m▀[38;2;25;11;61m▀[48;2;25;11;60m▀[48;2;24;11;60m▀[38;2;25;11;60m[48;2;24;11;59m▀[49m                   [0m