                                                            [0m
                                                            [0m
                                      [38;2;38;57;101m▄[38;2;93;95;137m[48;2;26;51;95m▀[38;2;125;126;158m[49m▄                   [0m
                                    [38;2;109;110;147m▄[38;2;106;110;145m[48;2;4;30;79m▀[38;2;5;31;80m[48;2;7;53;85m▀[38;2;5;40;82m[48;2;7;54;86m▀[38;2;73;79;123m[48;2;5;37;82m▀[38;2;80;81;126m[49m▄                  [0m
                                [38;2;27;28;90m[48;2;30;82;86m▀[49m [38;2;125;126;161m▄[38;2;69;71;120m▄[38;2;110;125;153m[48;2;60;87;120m▀[38;2;5;42;83m[48;2;5;45;85m▀[38;2;7;54;85m[48;2;7;54;86m▀[38;2;8;53;84m[48;2;9;53;85m▀[38;2;7;45;83m[48;2;7;54;84m▀[38;2;50;65;109m[48;2;5;36;81m▀[38;2;82;83;129m[49m▄                 [0m
                              [38;2;71;72;122m[48;2;69;72;121m▀[49m [38;2;31;105;84m[48;2;30;107;84m▀[49m [38;2;126;127;163m[48;2;124;125;160m▀[38;2;0;2;75m[48;2;3;25;79m▀[38;2;3;20;79m[48;2;5;39;82m▀[38;2;1;9;74m[48;2;1;7;75m▀[38;2;7;54;86m[48;2;7;54;86m▀[38;2;9;55;85m[48;2;9;54;85m▀[38;2;8;54;85m[48;2;9;55;86m▀[48;2;7;49;84m▄[38;2;32;55;97m[48;2;5;38;82m▀[38;2;81;86;128m[49m▄                [0m
                         [38;2;113;114;151m▄[38;2;1;2;73m▄   [38;2;5;7;77m[48;2;6;20;73m▀[38;2;21;44;81m[48;2;19;79;69m▀[38;2;38;189;63m[48;2;32;148;64m▀[38;2;17;20;82m[48;2;16;67;68m▀[38;2;9;11;80m[48;2;9;40;73m▀[38;2;1;12;76m[48;2;2;13;76m▀[38;2;3;18;77m[48;2;1;9;75m▀[38;2;1;8;75m[48;2;1;8;75m▀[38;2;8;54;86m[48;2;7;54;85m▀[38;2;10;55;86m[48;2;9;55;84m▀[38;2;10;55;85m[48;2;10;55;85m▀[38;2;9;54;84m[48;2;9;54;85m▀[38;2;7;54;84m[48;2;8;54;84m▀[38;2;84;117;139m[48;2;21;52;91m▀[38;2;39;49;100m[49m▄[38;2;82;84;128m[48;2;14;25;84m▀[49m    [38;2;103;106;144m▄[38;2;101;101;142m[48;2;1;7;74m▀[38;2;77;79;125m[49m▄       [0m
                         [38;2;115;129;157m[48;2;116;142;159m▀[38;2;3;18;78m[48;2;5;30;82m▀[38;2;63;63;115m[49m▄  [38;2;12;62;68m[48;2;12;64;68m▀[38;2;36;198;57m[48;2;35;200;56m▀[38;2;6;25;68m[48;2;6;25;70m▀[38;2;38;220;55m[48;2;39;220;54m▀[38;2;20;137;66m[48;2;21;135;68m▀[38;2;2;48;83m[48;2;3;47;82m▀[38;2;3;38;82m[48;2;3;37;81m▀[38;2;1;7;76m[48;2;1;8;75m▀[38;2;7;53;84m[48;2;5;45;84m▀[38;2;9;54;84m[48;2;6;50;84m▀[38;2;10;54;85m[48;2;9;54;85m▀[48;2;9;54;84m▄[38;2;8;54;84m[48;2;8;54;85m▀[38;2;6;40;82m[48;2;7;53;84m▀[38;2;4;27;80m[48;2;6;53;84m▀[38;2;2;17;76m[48;2;4;35;81m▀[38;2;91;93;132m[49m▄   [38;2;104;132;152m[48;2;39;68;104m▀[38;2;6;48;85m[48;2;6;48;84m▀[38;2;77;79;126m[48;2;52;54;107m▀[49m       [0m
                         [38;2;69;95;124m[48;2;3;31;80m▀[38;2;5;38;83m[48;2;7;53;85m▀[38;2;1;8;75m[48;2;3;21;78m▀[49m  [38;2;11;57;68m[48;2;3;27;75m▀[38;2;32;181;60m[48;2;13;105;73m▀[38;2;16;64;68m[48;2;36;197;57m▀[38;2;33;178;60m[48;2;0;2;70m▀[38;2;17;111;68m[48;2;0;1;73m▀[38;2;3;39;81m[48;2;0;2;73m▀[38;2;3;31;79m[48;2;0;2;74m▀[38;2;1;9;75m[48;2;1;9;76m▀[38;2;4;21;79m[48;2;7;45;85m▀[38;2;5;38;82m[48;2;7;49;84m▀[38;2;9;54;84m[48;2;9;54;84m▀▀[38;2;8;53;83m[48;2;8;54;84m▀[38;2;6;52;84m[48;2;1;10;72m▀[38;2;6;53;83m[48;2;7;50;83m▀[38;2;7;54;85m[48;2;7;53;84m▀[38;2;2;9;73m[48;2;7;53;87m▀[38;2;34;37;91m[49m▄ [38;2;101;105;143m[48;2;103;132;151m▀[38;2;4;35;80m[48;2;7;54;85m▀[38;2;6;47;84m[48;2;5;39;82m▀[38;2;0;1;73m[48;2;0;2;74m▀[49m       [0m
                         [38;2;4;31;80m[48;2;4;32;80m▀[38;2;7;54;84m[48;2;7;53;84m▀[38;2;3;20;79m[48;2;3;20;77m▀[38;2;105;106;143m[49m▄[38;2;42;48;101m[48;2;4;23;80m▀[38;2;8;45;70m[48;2;12;55;68m▀[38;2;30;178;62m[48;2;37;220;55m▀[38;2;35;210;55m[48;2;35;219;52m▀[38;2;27;142;62m[48;2;36;219;56m▀[38;2;27;144;62m[48;2;37;217;54m▀[38;2;13;63;69m[48;2;18;96;64m▀[38;2;0;3;74m[48;2;0;3;75m▀[38;2;2;8;76m[48;2;1;3;75m▀[38;2;6;51;84m[48;2;4;27;78m▀[38;2;7;53;85m[48;2;7;53;84m▀[38;2;9;54;84m[48;2;8;54;84m▀[48;2;9;54;85m▄[38;2;8;54;86m[48;2;8;54;84m▀[38;2;3;23;77m[48;2;7;54;86m▀[38;2;7;51;84m[48;2;7;53;84m▀[38;2;8;53;84m▀[38;2;8;52;86m[48;2;8;53;86m▀[38;2;22;26;87m[48;2;8;18;77m▀[38;2;39;39;98m[49m▄[38;2;31;60;99m[48;2;4;38;81m▀[38;2;7;53;84m[48;2;7;53;84m▀[38;2;5;33;81m[48;2;5;32;80m▀[38;2;0;3;75m[48;2;0;3;74m▀[49m       [0m
                         [38;2;4;31;80m[48;2;4;31;80m▀[38;2;7;54;84m[48;2;7;54;85m▀[38;2;3;21;76m[48;2;7;50;84m▀[38;2;1;10;76m[48;2;7;50;85m▀[38;2;5;52;86m[48;2;6;52;85m▀[38;2;3;12;72m[48;2;5;28;71m▀[38;2;15;71;65m[48;2;35;185;61m▀[38;2;36;200;57m[48;2;35;215;53m▀[38;2;9;38;65m[48;2;33;179;57m▀[38;2;34;187;58m[48;2;36;213;54m▀[38;2;17;96;66m[48;2;17;96;66m▀[38;2;1;3;75m[48;2;0;3;75m▀[48;2;1;3;75m▀[38;2;4;27;79m[48;2;3;19;77m▀[38;2;8;53;83m[48;2;5;35;80m▀[38;2;8;53;84m[48;2;6;49;83m▀[38;2;8;54;85m[48;2;7;53;83m▀[38;2;8;54;84m[48;2;8;53;84m▀[48;2;8;54;85m▄[38;2;8;53;84m[48;2;7;47;82m▀[48;2;4;26;78m▀[38;2;8;53;85m[48;2;7;53;84m▀[38;2;4;37;80m[48;2;6;54;84m▀[38;2;3;18;76m▀[38;2;6;50;85m[48;2;8;53;83m▀[38;2;7;53;83m▀[38;2;5;32;81m[48;2;5;32;81m▀[38;2;0;2;75m[48;2;29;31;91m▀[49m       [0m
                         [38;2;4;32;79m[48;2;4;32;79m▀[38;2;8;54;85m[48;2;8;54;84m▀[38;2;7;54;85m[48;2;7;53;85m▀[38;2;7;53;84m[48;2;7;54;84m▀[38;2;6;43;83m[48;2;3;20;78m▀[38;2;7;29;70m[48;2;0;1;74m▀[38;2;35;207;56m[48;2;26;138;62m▀[38;2;33;219;51m[48;2;35;219;52m▀[38;2;34;219;53m[48;2;35;213;55m▀[38;2;33;192;58m[48;2;3;37;78m▀[38;2;21;92;66m[48;2;16;89;65m▀[38;2;5;20;74m[48;2;26;130;64m▀[38;2;0;2;73m[48;2;0;3;75m▀[38;2;1;3;73m[48;2;1;3;76m▀[38;2;0;2;74m[48;2;1;4;75m▀[38;2;2;9;76m[48;2;1;3;75m▀[38;2;2;13;74m[48;2;0;3;73m▀[38;2;7;50;84m[48;2;7;48;83m▀[38;2;8;54;85m[48;2;7;53;84m▀[38;2;7;45;83m▀[38;2;3;21;78m[48;2;6;53;85m▀[38;2;7;53;83m[48;2;7;53;84m▀[38;2;7;53;84m▀[38;2;8;53;84m▀[48;2;9;53;84m▀[38;2;7;53;84m[48;2;7;54;84m▀[38;2;3;18;78m[48;2;2;11;75m▀[49m        [0m
                         [38;2;4;32;80m[48;2;5;32;80m▀[38;2;7;54;84m[48;2;7;54;85m▀[38;2;5;31;80m[48;2;6;39;83m▀[38;2;7;45;82m[48;2;6;49;85m▀[38;2;4;20;76m[48;2;3;20;75m▀[38;2;22;104;67m[48;2;27;142;60m▀[38;2;27;137;63m[48;2;25;135;65m▀[38;2;29;172;61m[48;2;31;178;61m▀[38;2;36;214;56m[48;2;36;213;57m▀[38;2;3;37;80m[48;2;3;37;81m▀[38;2;16;89;65m[48;2;16;88;65m▀[38;2;24;131;62m[48;2;23;131;63m▀[38;2;1;3;75m[48;2;1;3;75m▀[38;2;2;4;76m[48;2;1;4;76m▀[48;2;1;4;75m▄[38;2;1;3;75m▄[48;2;1;3;75m▀[38;2;3;23;78m[48;2;0;2;74m▀[38;2;7;51;84m[48;2;5;36;82m▀[38;2;7;53;83m[48;2;5;41;82m▀[38;2;7;53;84m[48;2;7;53;84m▀[38;2;7;54;85m[48;2;7;53;85m▀[38;2;3;17;76m[48;2;3;22;78m▀[38;2;6;48;82m[48;2;6;49;83m▀[38;2;9;54;84m[48;2;8;53;84m▀[38;2;8;54;84m[48;2;7;54;84m▀[38;2;2;10;76m[48;2;2;11;75m▀[49m        [0m
                         [38;2;5;32;80m[48;2;5;32;80m▀[38;2;7;54;85m[48;2;7;54;85m▀[38;2;5;43;84m[48;2;3;21;77m▀[38;2;4;37;82m[48;2;0;2;74m▀[38;2;2;14;75m[48;2;1;6;74m▀[38;2;28;144;63m[48;2;28;145;61m▀[38;2;25;137;62m[48;2;16;78;67m▀[38;2;36;221;53m[48;2;25;125;63m▀[38;2;36;213;55m[48;2;26;119;64m▀[38;2;3;24;76m[48;2;1;4;73m▀[38;2;17;88;67m[48;2;16;89;67m▀[38;2;23;131;63m[48;2;24;132;63m▀[38;2;1;3;75m[48;2;0;3;75m▀[38;2;1;4;76m[48;2;1;4;76m▀[38;2;1;4;75m[48;2;1;3;75m▀[38;2;0;3;76m[48;2;0;3;74m▀[38;2;0;2;76m[48;2;17;79;67m▀[48;2;25;118;65m▀[38;2;0;1;74m[48;2;25;117;65m▀[38;2;2;11;76m[48;2;3;13;73m▀[38;2;7;50;86m[48;2;2;16;77m▀[38;2;7;53;84m[48;2;6;53;86m▀[38;2;7;53;83m[48;2;6;51;85m▀[48;2;7;53;84m▀[38;2;8;53;83m▀[38;2;6;53;84m▄[38;2;2;10;77m[48;2;2;11;75m▀[49m        [0m
                        [38;2;108;109;147m▄[38;2;2;11;76m[48;2;5;24;71m▀[38;2;3;17;77m[48;2;10;47;72m▀[38;2;17;93;67m[48;2;28;152;60m▀[38;2;23;125;64m[48;2;30;192;55m▀[38;2;6;28;70m[48;2;5;28;71m▀[38;2;27;151;60m[48;2;26;152;59m▀[38;2;0;1;75m[48;2;0;2;74m▀[38;2;9;36;74m▄[38;2;0;2;76m▄[38;2;0;3;75m[48;2;0;3;75m▀[38;2;17;89;66m[48;2;17;88;66m▀[38;2;24;132;63m[48;2;24;131;62m▀[38;2;1;2;75m[48;2;0;2;75m▀[38;2;1;3;76m[48;2;1;6;74m▀[38;2;6;28;73m[48;2;17;75;69m▀[38;2;28;144;63m[48;2;38;220;55m▀[38;2;33;193;56m[48;2;35;211;55m▀[38;2;35;218;53m[48;2;18;144;56m▀[38;2;34;217;53m[48;2;27;191;53m▀[38;2;22;127;61m[48;2;31;195;54m▀[38;2;0;3;73m[48;2;12;57;70m▀[38;2;1;6;74m[48;2;11;59;71m▀[38;2;2;12;75m[48;2;4;10;73m▀[38;2;7;53;84m[48;2;4;29;79m▀[48;2;7;52;82m▀[38;2;5;42;82m[48;2;4;29;80m▀[38;2;14;19;83m[48;2;24;27;89m▀[49m        [0m
                       [38;2;85;113;123m▄[38;2;0;2;71m[48;2;22;116;65m▀[38;2;18;110;63m[48;2;23;137;60m▀[38;2;38;217;54m[48;2;21;156;57m▀[38;2;36;219;54m[48;2;30;194;55m▀[38;2;31;193;55m[48;2;32;192;55m▀[38;2;5;29;72m[48;2;9;45;71m▀[38;2;26;152;59m[48;2;23;121;62m▀[38;2;0;5;70m[48;2;15;74;68m▀[38;2;32;183;58m[48;2;35;205;57m▀[38;2;0;3;73m[48;2;23;129;61m▀[38;2;0;2;75m[48;2;18;90;67m▀[38;2;16;88;66m[48;2;17;88;66m▀[38;2;23;131;62m[48;2;25;131;62m▀[38;2;0;2;74m[48;2;13;67;69m▀[38;2;3;14;71m[48;2;24;132;62m▀[38;2;39;218;59m[48;2;35;208;57m▀[38;2;22;161;57m[48;2;13;125;57m▀[38;2;15;133;57m[48;2;23;171;54m▀[38;2;18;148;56m[48;2;35;219;52m▀[38;2;28;193;54m[48;2;35;220;54m▀[38;2;33;219;53m[48;2;23;123;61m▀[38;2;35;218;52m[48;2;21;114;65m▀[38;2;39;221;55m[48;2;13;62;68m▀[38;2;6;27;72m[48;2;2;9;73m▀[38;2;3;15;76m[48;2;3;15;78m▀[38;2;7;53;83m[48;2;7;53;84m▀[38;2;3;29;79m[48;2;3;28;80m▀[38;2;25;27;91m[48;2;24;27;90m▀[49m        [0m
                       [38;2;12;66;67m[48;2;6;26;72m▀[38;2;37;219;55m[48;2;24;135;64m▀[38;2;28;185;56m[48;2;34;218;55m▀[38;2;7;110;56m[48;2;29;196;54m▀[38;2;17;144;56m[48;2;12;130;55m▀[38;2;30;182;56m[48;2;25;163;57m▀[38;2;11;56;69m[48;2;12;57;69m▀[38;2;16;96;64m[48;2;16;96;65m▀[38;2;23;127;62m[48;2;23;128;62m▀[38;2;34;219;53m[48;2;34;220;52m▀[38;2;35;219;53m[48;2;35;221;54m▀[38;2;28;155;60m[48;2;26;156;60m▀[38;2;17;88;65m[48;2;17;89;65m▀[38;2;25;131;62m[48;2;24;130;63m▀[38;2;20;118;63m[48;2;20;118;64m▀[38;2;36;218;56m[48;2;20;152;58m▀[38;2;22;163;56m[48;2;27;179;55m▀[38;2;22;163;55m[48;2;34;220;52m▀[38;2;35;220;53m[48;2;35;221;53m▀[38;2;36;221;54m[48;2;22;113;65m▀[38;2;37;221;56m[48;2;18;92;67m▀[38;2;6;20;73m[48;2;3;10;75m▀[38;2;0;2;75m[48;2;1;6;75m▀[38;2;0;2;76m[48;2;1;6;74m▀[38;2;1;3;75m[48;2;0;3;75m▀[48;2;2;5;75m▄[38;2;4;32;79m[48;2;4;34;81m▀[38;2;3;29;79m[48;2;4;29;81m▀[38;2;28;30;91m[48;2;92;94;137m▀[49m        [0m
                       [38;2;57;58;111m▀[38;2;16;86;65m[48;2;5;26;71m▀[38;2;34;219;55m[48;2;25;141;60m▀[38;2;34;220;52m[48;2;36;220;54m▀[38;2;30;195;54m[48;2;34;219;52m▀[38;2;30;184;56m[48;2;31;193;55m▀[38;2;12;57;70m[48;2;12;56;69m▀[38;2;18;96;65m[48;2;17;96;65m▀[38;2;24;129;65m[48;2;9;50;67m▀[38;2;34;218;53m[48;2;37;206;54m▀[38;2;36;212;55m[48;2;36;209;56m▀[38;2;8;42;66m[48;2;0;5;71m▀[38;2;18;88;66m[48;2;17;89;68m▀[38;2;25;129;64m[48;2;24;130;63m▀[38;2;20;117;64m[48;2;22;117;63m▀[38;2;27;186;55m[48;2;34;221;53m▀[38;2;35;218;53m[48;2;34;220;52m▀[38;2;35;220;53m[48;2;35;220;53m▀[38;2;35;221;53m▀[38;2;8;38;71m[48;2;8;38;70m▀[38;2;0;3;74m[48;2;2;30;79m▀[38;2;1;12;76m[48;2;2;35;81m▀[38;2;4;52;82m[48;2;4;52;84m▀[38;2;5;41;78m[48;2;3;21;77m▀[38;2;1;3;73m[48;2;1;3;75m▀[38;2;1;3;74m[48;2;1;3;76m▀[38;2;5;47;84m[48;2;5;44;83m▀[38;2;2;15;76m[48;2;2;8;76m▀[38;2;95;97;139m[48;2;96;97;140m▀[49m        [0m
                        [38;2;1;5;75m[48;2;2;22;77m▀[38;2;17;81;70m[48;2;3;29;80m▀[38;2;32;191;57m[48;2;23;122;63m▀[38;2;33;219;51m[48;2;33;219;53m▀[38;2;34;201;56m[48;2;35;218;53m▀[38;2;20;97;66m[48;2;30;173;57m▀[38;2;15;77;65m[48;2;9;42;67m▀[38;2;8;34;70m[48;2;17;93;66m▀[38;2;27;135;61m[48;2;0;2;74m▀[38;2;29;140;62m[48;2;0;3;72m▀[38;2;8;36;70m[48;2;18;97;66m▀[38;2;21;106;65m[48;2;24;132;60m▀[38;2;23;115;65m[48;2;16;82;67m▀[38;2;27;153;59m[48;2;35;219;53m▀[38;2;33;220;51m[48;2;34;219;52m▀[38;2;35;219;53m[48;2;34;220;52m▀[38;2;32;177;58m[48;2;13;75;66m▀[38;2;29;155;61m[48;2;0;1;75m▀[38;2;6;28;72m[48;2;0;2;76m▀[38;2;1;34;81m[48;2;3;45;83m▀[38;2;3;46;82m[48;2;6;68;84m▀[38;2;8;72;84m[48;2;8;74;83m▀[38;2;3;21;77m[48;2;3;23;77m▀[38;2;1;3;76m[48;2;1;3;76m▀[38;2;2;4;76m[48;2;1;4;76m▀[38;2;1;16;76m[48;2;2;11;76m▀[38;2;2;9;77m[48;2;2;6;76m▀[38;2;104;107;146m[49m▀        [0m
                        [38;2;9;56;72m[48;2;14;85;65m▀[38;2;13;73;71m[48;2;26;135;63m▀[38;2;8;33;71m[48;2;5;25;72m▀[38;2;27;157;57m[48;2;23;136;61m▀[38;2;34;218;52m[48;2;34;218;52m▀[38;2;35;213;54m[48;2;35;218;54m▀[38;2;35;194;58m[48;2;34;219;53m▀[38;2;36;194;60m[48;2;37;211;55m▀[38;2;6;26;71m[48;2;7;29;68m▀[38;2;35;184;59m[48;2;35;220;54m▀[38;2;35;199;58m[48;2;34;218;53m▀[38;2;36;206;56m[48;2;34;219;52m▀[38;2;34;197;55m[48;2;35;220;54m▀[38;2;34;220;53m[48;2;34;220;52m▀[38;2;34;219;52m[48;2;35;219;53m▀[38;2;35;220;52m[48;2;34;194;56m▀[38;2;14;76;67m[48;2;11;61;67m▀[38;2;2;20;72m[48;2;2;26;71m▀[38;2;8;78;61m[48;2;9;110;56m▀[38;2;29;175;64m[48;2;34;218;54m▀[38;2;25;156;67m[48;2;29;186;59m▀[38;2;8;77;81m[48;2;7;78;77m▀[38;2;5;44;73m[48;2;5;53;72m▀[38;2;1;3;75m[48;2;1;2;75m▀[38;2;1;3;76m[48;2;1;3;76m▀▀[38;2;1;2;75m[48;2;1;3;75m▀[49m         [0m
                       [38;2;82;111;121m▄[38;2;16;84;65m[48;2;29;158;60m▀[38;2;37;218;55m[48;2;34;219;55m▀[38;2;21;103;64m[48;2;19;104;65m▀[38;2;24;135;61m[48;2;23;136;61m▀[38;2;35;218;53m[48;2;35;219;52m▀[38;2;35;219;53m[48;2;35;220;53m▀[38;2;34;219;53m[48;2;34;218;52m▀[38;2;36;211;55m[48;2;35;216;53m▀[38;2;8;29;70m[48;2;28;151;59m▀[38;2;36;220;55m[48;2;34;220;53m▀[38;2;32;219;51m[48;2;33;219;51m▀[38;2;34;219;52m▀[38;2;34;220;51m[48;2;33;220;51m▀[38;2;34;220;52m[48;2;35;221;53m▀[38;2;35;221;54m[48;2;25;132;61m▀[38;2;16;90;62m[48;2;6;31;70m▀[38;2;1;2;75m[48;2;1;3;76m▀[38;2;2;26;70m[48;2;2;26;71m▀[38;2;20;150;57m[48;2;19;150;55m▀[38;2;34;220;52m[48;2;34;220;52m▀[38;2;33;214;54m[48;2;33;219;51m▀[38;2;20;152;60m[48;2;21;166;56m▀[38;2;7;92;64m[48;2;6;97;62m▀[38;2;2;7;74m[48;2;1;7;74m▀[38;2;1;3;77m[48;2;1;3;76m▀[38;2;1;4;77m[48;2;2;4;76m▀[38;2;1;4;76m[48;2;2;4;75m▀[49m         [0m
                      [38;2;83;107;122m▄[38;2;11;63;65m[48;2;30;161;59m▀[38;2;35;219;55m[48;2;33;220;52m▀[38;2;33;205;57m[48;2;30;185;61m▀[38;2;15;81;75m[48;2;5;50;85m▀[38;2;17;75;69m[48;2;1;5;75m▀[38;2;24;144;62m[48;2;3;47;69m▀[38;2;24;167;59m[48;2;7;96;61m▀[38;2;35;219;53m[48;2;37;219;54m▀[38;2;34;218;53m[48;2;34;219;51m▀[38;2;34;219;53m[48;2;33;219;51m▀[38;2;34;219;52m[48;2;33;219;52m▀[38;2;33;219;52m▀[38;2;33;220;50m[48;2;34;220;53m▀[38;2;33;185;59m[48;2;26;139;61m▀[38;2;24;124;66m[48;2;0;1;72m▀[38;2;11;51;70m[48;2;0;2;74m▀[38;2;0;3;74m[48;2;1;2;74m▀[38;2;1;3;76m[48;2;0;3;75m▀[38;2;2;25;72m[48;2;2;6;74m▀[38;2;14;129;57m[48;2;6;89;60m▀[38;2;34;216;53m[48;2;34;209;54m▀[38;2;34;219;52m[48;2;34;219;52m▀[38;2;30;204;53m[48;2;36;221;54m▀[38;2;8;105;61m[48;2;19;135;62m▀[38;2;1;7;73m[48;2;2;8;73m▀[38;2;1;3;75m[48;2;1;2;76m▀[38;2;2;4;76m[48;2;1;4;76m▀[38;2;2;4;73m[48;2;2;4;75m▀[49m         [0m
                [38;2;123;124;159m▄[38;2;121;122;157m▄[38;2;119;120;156m▄[38;2;117;119;155m▄[38;2;115;117;154m▄[38;2;97;98;140m▄[38;2;8;47;68m[48;2;9;47;69m▀[38;2;36;220;52m[48;2;36;220;53m▀[38;2;35;220;53m[48;2;35;220;52m▀[38;2;29;188;61m[48;2;16;106;75m▀[38;2;4;49;86m[48;2;4;50;85m▀[38;2;1;7;76m[48;2;2;14;78m▀[38;2;15;87;65m[48;2;19;105;65m▀[38;2;27;182;57m[48;2;34;219;53m▀[38;2;34;218;53m▄[38;2;32;218;52m[48;2;33;218;51m▀[38;2;33;219;52m[48;2;34;219;52m▀[38;2;34;219;53m▀[38;2;33;219;52m[48;2;33;219;51m▀[38;2;28;188;56m[48;2;25;173;56m▀[38;2;14;114;59m[48;2;5;100;57m▀[38;2;6;60;68m[48;2;6;81;65m▀[38;2;2;28;81m[48;2;2;36;81m▀[38;2;2;31;81m[48;2;2;34;81m▀[38;2;2;17;78m[48;2;1;12;77m▀[38;2;1;2;75m[48;2;1;3;75m▀[38;2;3;63;63m[48;2;3;23;71m▀[38;2;32;210;54m[48;2;23;100;69m▀[38;2;31;202;55m[48;2;17;80;67m▀[38;2;18;120;69m[48;2;12;77;72m▀[38;2;25;151;66m[48;2;28;167;62m▀[38;2;28;133;64m[48;2;34;200;56m▀[38;2;0;2;74m[48;2;8;46;68m▀[38;2;1;3;76m[48;2;2;10;74m▀[38;2;2;5;75m[48;2;32;35;95m▀[49m         [0m
           [38;2;122;121;157m▄[38;2;66;66;118m▄[38;2;36;38;97m[48;2;36;148;67m▀[38;2;0;2;74m[48;2;32;159;61m▀[38;2;0;2;75m[48;2;30;160;58m▀[38;2;8;30;74m[48;2;39;214;58m▀[38;2;9;31;75m[48;2;39;219;56m▀[38;2;8;31;74m[48;2;39;217;56m▀[48;2;39;218;56m▀[38;2;8;32;74m[48;2;39;217;57m▀[38;2;7;31;74m▀[38;2;11;46;72m[48;2;28;153;59m▀[38;2;31;177;58m[48;2;10;53;71m▀[38;2;33;190;61m[48;2;26;154;68m▀[38;2;10;74;81m[48;2;5;50;85m▀[38;2;5;51;86m[48;2;4;42;83m▀[38;2;2;19;79m[48;2;2;13;78m▀[38;2;20;105;65m[48;2;9;42;72m▀[38;2;35;218;54m[48;2;34;198;56m▀[38;2;35;218;52m[48;2;35;219;54m▀[38;2;36;218;54m[48;2;35;221;54m▀[38;2;37;218;53m[48;2;36;221;55m▀[38;2;35;219;52m▀[38;2;34;220;53m[48;2;34;220;55m▀[38;2;22;162;56m[48;2;9;111;57m▀[38;2;6;90;61m[48;2;6;83;64m▀[38;2;4;56;74m[48;2;2;35;80m▀[38;2;2;37;81m[48;2;2;36;81m▀[38;2;2;29;80m[48;2;1;9;75m▀[38;2;0;2;75m[48;2;1;2;75m▀[38;2;1;3;75m[48;2;0;3;74m▀[38;2;1;2;74m[48;2;0;2;74m▀[38;2;4;11;73m[48;2;2;20;75m▀[38;2;25;125;61m[48;2;19;120;71m▀[38;2;37;223;50m[48;2;21;137;69m▀[38;2;36;220;52m[48;2;31;191;58m▀[38;2;34;221;53m[48;2;32;205;55m▀[38;2;25;173;55m[48;2;8;109;56m▀[38;2;2;34;69m[48;2;2;33;69m▀[38;2;54;55;112m[48;2;53;56;111m▀[49m         [0m
          [38;2;92;91;134m▄[38;2;71;77;120m[48;2;33;150;66m▀[38;2;1;10;70m[48;2;38;205;61m▀[38;2;33;190;56m[48;2;36;218;55m▀[38;2;36;220;53m[48;2;36;220;53m▀[38;2;36;220;54m[48;2;37;220;54m▀[38;2;38;211;56m[48;2;12;58;66m▀[38;2;39;219;56m[48;2;13;64;69m▀[38;2;37;218;55m[48;2;12;125;56m▀[38;2;36;220;54m[48;2;13;125;57m▀[38;2;37;218;56m[48;2;12;124;57m▀[48;2;12;123;57m▀[38;2;37;199;59m[48;2;13;121;59m▀[38;2;3;46;77m[48;2;5;81;67m▀[38;2;15;99;77m[48;2;6;78;72m▀[38;2;5;50;86m[48;2;5;36;82m▀[38;2;3;25;79m[48;2;2;10;76m▀[38;2;0;3;74m[48;2;1;3;75m▀[38;2;1;3;73m▀[38;2;33;185;58m[48;2;20;96;67m▀[38;2;31;174;58m[48;2;32;154;61m▀[38;2;17;83;65m[48;2;19;87;66m▀[38;2;18;82;67m[48;2;16;87;63m▀[38;2;17;82;67m[48;2;12;67;69m▀[38;2;18;134;60m[48;2;4;61;70m▀[38;2;8;105;57m[48;2;5;80;61m▀[38;2;4;61;72m[48;2;3;47;79m▀[38;2;1;36;80m[48;2;1;37;80m▀[38;2;1;26;80m[48;2;1;14;76m▀[38;2;0;2;73m[48;2;5;19;72m▀[38;2;6;28;73m[48;2;22;100;66m▀[38;2;23;119;66m[48;2;36;218;54m▀[38;2;22;119;65m▀[38;2;23;129;66m[48;2;36;218;52m▀[38;2;8;86;76m[48;2;36;214;55m▀[38;2;6;79;75m[48;2;23;116;63m▀[38;2;31;160;67m[48;2;3;11;71m▀[38;2;14;76;65m[48;2;1;3;74m▀[38;2;5;61;64m[48;2;3;27;76m▀[38;2;2;30;72m[48;2;2;27;75m▀[38;2;53;56;112m[48;2;54;56;111m▀[49m         [0m
         [38;2;98;98;142m▄[38;2;70;97;113m[48;2;28;143;64m▀[38;2;28;143;63m[48;2;17;81;66m▀[38;2;36;202;58m[48;2;28;135;63m▀[38;2;36;212;56m[48;2;34;189;59m▀[38;2;32;183;57m[48;2;9;38;69m▀[38;2;34;195;56m[48;2;19;98;65m▀[38;2;33;178;60m[48;2;32;186;57m▀[38;2;3;24;71m[48;2;1;2;75m▀[38;2;7;95;60m[48;2;0;5;72m▀[38;2;7;96;61m[48;2;1;6;73m▀[38;2;7;99;60m[48;2;2;15;72m▀[38;2;6;99;59m[48;2;4;24;72m▀[38;2;6;96;61m[48;2;3;25;71m▀[38;2;8;92;65m[48;2;3;26;71m▀[38;2;8;74;69m[48;2;3;22;72m▀[38;2;2;11;77m[48;2;0;3;74m▀[38;2;1;3;74m[48;2;1;4;76m▀[38;2;2;3;75m[48;2;2;4;76m▀[38;2;1;3;75m[48;2;1;3;74m▀[38;2;2;8;71m[48;2;7;80;65m▀[38;2;35;194;58m[48;2;28;153;61m▀[38;2;32;178;58m[48;2;0;2;72m▀[38;2;31;183;57m[48;2;6;24;72m▀[38;2;27;173;61m[48;2;28;183;57m▀[38;2;4;48;76m[48;2;4;66;64m▀[38;2;1;5;72m[48;2;0;2;75m▀[38;2;1;6;73m[48;2;1;3;76m▀[38;2;1;5;74m[48;2;1;3;75m▀[38;2;0;3;75m[48;2;1;3;74m▀[38;2;11;60;68m[48;2;12;60;70m▀[38;2;35;211;56m[48;2;35;181;59m▀[38;2;33;188;57m[48;2;12;63;68m▀[38;2;36;210;54m[48;2;34;174;56m▀[38;2;32;188;55m[48;2;14;69;67m▀[38;2;35;211;54m[48;2;33;173;58m▀[38;2;18;98;65m[48;2;0;3;72m▀[38;2;0;3;75m[48;2;1;3;76m▀[38;2;1;3;75m[48;2;1;4;76m▀[38;2;2;6;75m[48;2;2;4;75m▀[38;2;1;6;75m[48;2;1;4;76m▀[38;2;48;49;105m[48;2;1;3;74m▀[38;2;1;3;71m[49m▄▄[38;2;102;104;140m▄      [0m
         [38;2;99;98;143m[48;2;98;99;141m▀[38;2;28;145;62m[48;2;28;145;64m▀[38;2;17;79;67m[48;2;16;79;67m▀[38;2;25;137;62m[48;2;25;136;61m▀[38;2;33;190;59m[48;2;33;189;59m▀[38;2;9;38;72m[48;2;8;38;72m▀[38;2;23;121;64m[48;2;29;152;63m▀[38;2;29;161;61m[48;2;12;54;69m▀[38;2;0;2;76m[48;2;0;3;75m▀[38;2;1;3;75m[48;2;1;3;77m▀[38;2;1;3;76m[48;2;2;4;76m▀▀[48;2;2;3;76m▀[38;2;1;4;75m[48;2;1;4;76m▀[38;2;1;3;76m[48;2;2;4;76m▀[38;2;1;3;75m[48;2;1;4;76m▀[38;2;1;3;76m[48;2;1;3;76m▀[38;2;1;4;76m[48;2;1;3;75m▀[48;2;2;4;76m▄[38;2;1;3;75m[48;2;1;3;75m▀[38;2;8;83;63m[48;2;6;85;62m▀[38;2;27;153;61m[48;2;26;153;60m▀[38;2;0;3;74m[48;2;0;2;75m▀[38;2;6;24;73m[48;2;6;25;73m▀[38;2;29;182;58m[48;2;28;182;59m▀[38;2;4;65;65m[48;2;4;64;64m▀[38;2;1;3;75m[48;2;1;3;75m▀[38;2;2;4;76m[48;2;2;3;76m▀[48;2;2;4;77m▀[38;2;1;4;75m[48;2;1;4;75m▀[38;2;12;60;71m[48;2;12;61;71m▀[38;2;35;183;60m[48;2;36;184;59m▀[38;2;13;62;70m[48;2;12;61;70m▀[38;2;33;174;59m[48;2;32;175;57m▀[38;2;14;69;69m[48;2;14;69;68m▀[38;2;31;174;58m[48;2;31;174;57m▀[38;2;0;3;75m[48;2;0;3;75m▀[38;2;1;4;76m[48;2;2;4;76m▀[38;2;2;4;75m▄[38;2;2;4;76m▀[38;2;1;4;76m[48;2;2;4;77m▀[48;2;2;4;76m▀▀[38;2;1;4;77m[48;2;2;4;77m▀[38;2;102;103;145m[48;2;102;104;145m▀[49m      [0m
         [38;2;98;98;142m[48;2;98;98;141m▀[38;2;28;144;62m[48;2;27;144;62m▀[38;2;15;79;67m[48;2;16;79;67m▀[38;2;25;135;62m[48;2;25;137;60m▀[38;2;33;189;59m[48;2;34;188;59m▀[38;2;8;38;72m[48;2;9;37;71m▀[38;2;14;69;70m[48;2;1;3;75m▀[38;2;6;25;74m[48;2;0;3;75m▀[38;2;1;4;75m[48;2;1;4;76m▀[38;2;2;4;77m▀[48;2;2;3;77m▀[38;2;1;4;77m[48;2;1;4;77m▀[38;2;2;4;77m[48;2;1;4;76m▀[48;2;1;3;76m▀[48;2;1;3;75m▀[38;2;2;4;76m▀[38;2;1;4;75m[48;2;1;3;76m▀[38;2;4;12;74m▄[38;2;1;4;76m[48;2;5;18;72m▀[38;2;1;3;76m[48;2;3;11;73m▀[38;2;7;59;67m[48;2;1;9;73m▀[38;2;29;172;58m[48;2;33;174;59m▀[38;2;15;79;66m[48;2;34;183;56m▀[38;2;19;92;66m[48;2;35;184;57m▀[38;2;27;173;60m[48;2;24;128;63m▀[38;2;4;46;67m[48;2;0;2;74m▀[38;2;1;2;75m[48;2;0;2;75m▀[38;2;1;3;76m[48;2;0;2;76m▀[48;2;1;4;76m▄[38;2;1;4;75m[48;2;1;3;75m▀[38;2;12;60;71m[48;2;12;60;72m▀[38;2;37;184;59m[48;2;35;184;58m▀[38;2;12;61;70m[48;2;12;61;70m▀[38;2;32;175;57m[48;2;33;175;57m▀[38;2;13;68;68m[48;2;13;68;68m▀[38;2;30;175;57m[48;2;29;174;57m▀[38;2;0;2;76m[48;2;0;3;76m▀[38;2;1;4;76m[48;2;2;4;76m▀[38;2;2;3;76m▀[38;2;1;4;77m▄[38;2;2;4;76m▀▀[38;2;1;4;76m[48;2;2;4;77m▀[48;2;1;4;76m▀[38;2;101;103;144m[48;2;101;103;143m▀[49m      [0m
          [38;2;54;100;97m[48;2;83;83;127m▀[38;2;8;33;72m[48;2;1;2;73m▀[38;2;12;57;69m[48;2;0;3;75m▀[38;2;16;76;67m[48;2;1;2;76m▀[38;2;4;16;74m[48;2;1;3;75m▀[38;2;1;3;76m[48;2;1;4;76m▀[38;2;2;3;76m[48;2;1;3;77m▀[38;2;1;4;77m[48;2;1;3;76m▀[38;2;1;3;76m▀[48;2;0;3;76m▀[38;2;1;4;76m[48;2;0;2;75m▀[38;2;0;3;75m[48;2;14;57;70m▀[38;2;0;3;74m[48;2;17;80;68m▀[38;2;0;3;76m[48;2;16;79;67m▀[48;2;31;156;60m▀[38;2;0;2;75m[48;2;31;159;61m▀[38;2;26;132;65m[48;2;37;196;58m▀[38;2;39;213;61m[48;2;17;142;56m▀[38;2;25;129;65m[48;2;12;111;59m▀[38;2;0;2;74m[48;2;3;26;72m▀[38;2;0;4;72m[48;2;0;3;75m▀[38;2;0;4;73m▀[38;2;0;3;73m[48;2;8;40;70m▀[48;2;29;158;59m▀[38;2;11;61;72m[48;2;32;182;57m▀[38;2;21;106;69m[48;2;34;209;53m▀[38;2;0;3;74m[48;2;26;133;60m▀[38;2;1;3;76m[48;2;1;8;73m▀[38;2;1;3;75m[48;2;0;3;75m▀[38;2;6;25;73m[48;2;1;3;74m▀[38;2;17;74;67m[48;2;1;3;75m▀[38;2;7;37;75m[48;2;2;16;77m▀[38;2;18;104;73m[48;2;6;40;80m▀[38;2;7;29;72m[48;2;1;3;75m▀[38;2;15;70;67m▀[38;2;1;2;76m[48;2;1;3;76m▀[38;2;2;4;76m▄[38;2;1;4;76m[48;2;1;4;76m▀[38;2;2;4;76m▀[48;2;2;4;76m▀[38;2;1;3;76m[48;2;1;4;77m▀[38;2;2;3;76m[48;2;1;3;74m▀[38;2;41;44;102m[48;2;86;88;131m▀[49m       [0m
           [38;2;70;71;124m[48;2;84;94;136m▀[38;2;1;3;76m[48;2;1;5;74m▀[48;2;1;3;75m▀[48;2;1;4;76m▄[38;2;1;4;77m[48;2;1;3;75m▀[38;2;1;3;76m[48;2;1;3;76m▀[38;2;1;2;75m[48;2;7;35;71m▀[38;2;10;47;69m[48;2;27;152;61m▀[38;2;29;162;58m[48;2;33;219;51m▀[38;2;29;161;59m[48;2;33;218;51m▀[38;2;33;202;55m[48;2;33;219;52m▀[38;2;35;220;54m[48;2;34;219;53m▀[38;2;35;219;53m[48;2;31;197;57m▀[38;2;34;216;53m[48;2;16;138;58m▀[38;2;27;184;56m[48;2;7;100;59m▀[38;2;19;145;59m[48;2;6;100;60m▀[38;2;6;101;59m[48;2;6;99;59m▀[38;2;6;100;59m[48;2;5;58;68m▀[38;2;3;35;71m[48;2;5;33;71m▀[38;2;0;3;73m[48;2;20;111;66m▀[38;2;20;105;65m[48;2;29;174;57m▀[38;2;31;193;54m[48;2;34;219;53m▀[38;2;34;220;52m[48;2;33;220;52m▀[38;2;34;219;51m[48;2;35;220;51m▀[38;2;34;219;53m[48;2;35;220;52m▀[38;2;35;217;54m[48;2;32;183;61m▀[38;2;34;188;61m[48;2;13;86;78m▀[38;2;12;62;69m[48;2;7;58;81m▀[38;2;1;3;76m[48;2;1;9;77m▀[38;2;1;3;75m[48;2;7;33;73m▀[38;2;0;2;75m[48;2;19;97;67m▀[38;2;0;2;74m[48;2;1;2;74m▀[38;2;1;3;75m[48;2;1;3;76m▀[38;2;1;4;76m▄[38;2;2;4;76m[48;2;2;3;76m▀▀[48;2;1;4;77m▀[48;2;1;4;76m▄[38;2;2;3;77m[48;2;2;4;77m▀[38;2;1;4;76m[48;2;2;4;76m▀[38;2;74;75;126m[48;2;87;89;134m▀[49m        [0m
           [38;2;86;118;139m[48;2;87;117;139m▀[38;2;5;26;80m[48;2;7;53;85m▀[38;2;3;21;78m▀[38;2;3;21;80m[48;2;7;54;86m▀[38;2;1;3;75m[48;2;1;4;75m▀[38;2;3;11;73m[48;2;14;69;69m▀[38;2;15;78;66m[48;2;37;219;55m▀[38;2;34;220;53m[48;2;32;220;52m▀[38;2;33;219;51m[48;2;33;219;52m▀[38;2;34;218;51m[48;2;35;219;52m▀[38;2;35;219;52m▀[38;2;34;219;52m[48;2;34;220;52m▀[38;2;29;195;55m[48;2;34;221;55m▀[38;2;14;133;57m[48;2;34;221;54m▀[38;2;8;109;58m[48;2;12;130;54m▀[38;2;7;99;60m[48;2;6;102;57m▀[38;2;7;99;62m[48;2;5;60;64m▀[38;2;2;13;70m[48;2;1;12;65m▀[38;2;23;122;63m[48;2;35;212;57m▀[38;2;34;220;53m[48;2;33;219;52m▀[48;2;35;220;52m▄[38;2;33;220;51m[48;2;33;219;51m▀[38;2;33;219;52m▄[38;2;32;202;56m[48;2;33;187;60m▀[38;2;18;119;70m[48;2;4;49;84m▀[38;2;17;102;76m[48;2;6;51;85m▀[38;2;6;51;86m[48;2;7;52;84m▀[38;2;6;52;85m[48;2;7;53;84m▀[38;2;3;19;78m[48;2;5;40;83m▀[38;2;10;50;71m[48;2;10;50;71m▀[38;2;28;157;60m[48;2;29;189;57m▀[38;2;5;37;70m[48;2;16;135;60m▀[38;2;5;38;70m[48;2;17;135;60m▀[38;2;4;31;71m[48;2;15;108;63m▀[38;2;1;2;75m[48;2;1;2;75m▀[38;2;1;4;76m[48;2;1;4;76m▀[38;2;2;4;76m[48;2;2;4;76m▀[48;2;2;3;76m▀[48;2;1;4;75m▀[48;2;1;4;76m▄[38;2;87;89;135m[48;2;87;90;134m▀[49m        [0m
           [38;2;86;117;138m[48;2;69;100;127m▀[38;2;8;54;85m[48;2;8;53;85m▀[48;2;9;54;85m▄[38;2;7;54;85m[48;2;7;55;86m▀[38;2;1;5;74m[48;2;1;4;75m▀[38;2;23;129;64m[48;2;27;163;59m▀[38;2;34;220;52m[48;2;34;220;51m▀[38;2;33;220;52m[48;2;33;220;50m▀[38;2;34;221;53m[48;2;33;221;52m▀[38;2;34;209;54m[48;2;29;169;59m▀[38;2;34;194;57m[48;2;19;98;65m▀[38;2;36;220;53m[48;2;36;212;58m▀[38;2;35;219;54m[48;2;34;214;55m▀[38;2;34;220;51m[48;2;34;220;51m▀[38;2;32;211;53m[48;2;35;220;53m▀[38;2;33;209;53m▀[38;2;33;198;55m[48;2;35;219;53m▀[38;2;32;193;54m[48;2;34;219;52m▀[38;2;34;219;54m▀[38;2;35;220;52m▄[38;2;33;218;51m[48;2;33;218;51m▀[38;2;34;219;51m[48;2;34;215;52m▀[38;2;36;209;56m[48;2;30;164;63m▀[38;2;11;83;77m[48;2;5;49;82m▀[38;2;6;51;85m[48;2;7;52;84m▀[38;2;6;52;84m[48;2;7;53;84m▀[38;2;7;52;84m[48;2;6;48;84m▀[48;2;6;48;83m▀[38;2;5;40;82m[48;2;5;40;82m▀[38;2;10;50;71m[48;2;11;51;70m▀[38;2;37;218;55m[48;2;37;218;54m▀[38;2;35;218;53m[48;2;34;218;53m▀[38;2;35;218;52m▀[38;2;30;176;56m[48;2;29;177;56m▀[38;2;1;2;75m[48;2;0;2;74m▀[38;2;1;4;76m[48;2;1;3;76m▀[38;2;2;3;76m▀[48;2;2;4;77m▀[38;2;2;4;76m[48;2;2;4;76m▀[38;2;2;3;76m[48;2;1;3;76m▀[38;2;88;90;135m[48;2;88;90;136m▀[49m        [0m
          [38;2;113;114;152m[48;2;114;114;153m▀[38;2;4;36;81m[48;2;5;35;81m▀[38;2;8;54;85m[48;2;8;53;84m▀[38;2;8;53;85m[48;2;9;53;84m▀[38;2;9;54;87m[48;2;8;54;87m▀[38;2;1;5;75m[48;2;1;5;73m▀[38;2;27;163;59m[48;2;28;163;59m▀[38;2;34;220;52m[48;2;34;220;53m▀[48;2;35;218;54m▀[38;2;34;221;53m[48;2;33;220;52m▀[38;2;33;213;53m[48;2;34;220;53m▀[38;2;19;117;65m[48;2;26;160;63m▀[38;2;2;37;74m[48;2;8;61;76m▀[38;2;18;114;66m[48;2;7;51;78m▀[38;2;34;220;53m[48;2;13;80;73m▀[38;2;36;221;54m[48;2;14;80;73m▀[38;2;35;222;54m[48;2;14;81;73m▀[38;2;35;220;54m[48;2;29;172;61m▀[38;2;35;219;52m[48;2;34;219;52m▀[38;2;33;214;53m[48;2;31;194;57m▀[38;2;33;203;55m[48;2;25;150;63m▀[38;2;33;218;52m[48;2;34;218;51m▀[38;2;33;202;55m[48;2;34;203;56m▀[38;2;0;33;78m[48;2;2;33;78m▀[38;2;6;51;84m[48;2;6;52;84m▀[38;2;8;53;83m[48;2;8;52;84m▀[38;2;7;52;85m[48;2;5;37;81m▀[38;2;4;30;79m[48;2;1;7;75m▀[38;2;2;22;78m[48;2;1;16;79m▀[38;2;4;40;83m[48;2;2;19;78m▀[38;2;11;52;70m[48;2;11;51;70m▀[38;2;37;218;54m[48;2;37;217;54m▀[38;2;34;218;52m[48;2;35;218;54m▀[38;2;34;219;53m▀[38;2;30;177;57m[48;2;30;178;57m▀[38;2;1;3;74m[48;2;0;2;75m▀[38;2;1;4;76m[48;2;1;3;76m▀[48;2;1;3;77m▄[48;2;2;4;76m▄▀[38;2;2;3;77m[48;2;1;3;76m▀[38;2;88;90;134m[48;2;88;90;136m▀[49m        [0m
          [38;2;114;115;153m[48;2;115;116;153m▀[38;2;5;35;80m[48;2;5;36;81m▀[38;2;8;53;85m[48;2;8;54;85m▀[48;2;8;54;84m▄[38;2;8;54;87m[48;2;8;54;87m▀[38;2;1;4;74m[48;2;1;5;74m▀[38;2;27;163;59m[48;2;28;166;57m▀[38;2;31;201;55m[48;2;30;200;55m▀[38;2;18;147;57m[48;2;19;143;57m▀[38;2;33;220;51m[48;2;34;220;52m▀[38;2;33;219;52m▀[38;2;33;220;53m[48;2;33;219;51m▀[38;2;19;124;66m[48;2;30;189;59m▀[38;2;0;32;81m[48;2;20;120;68m▀[38;2;1;32;81m[48;2;1;32;81m▀[38;2;1;33;82m[48;2;10;72;74m▀[38;2;9;68;77m[48;2;30;168;62m▀[38;2;30;182;59m[48;2;34;221;53m▀[38;2;34;220;52m[48;2;34;220;54m▀[38;2;31;196;56m[48;2;20;116;69m▀[38;2;25;151;63m[48;2;25;151;63m▀[38;2;34;218;52m[48;2;34;218;52m▀[38;2;35;204;59m[48;2;34;203;57m▀[38;2;2;33;78m[48;2;1;32;79m▀[38;2;6;51;84m[48;2;7;52;84m▀[38;2;8;53;84m[48;2;8;53;84m▀[38;2;5;34;81m[48;2;5;34;81m▀[38;2;1;1;75m[48;2;1;2;75m▀[38;2;0;6;75m[48;2;1;3;75m▀[38;2;0;5;76m[48;2;0;3;76m▀[38;2;11;51;71m[48;2;11;51;71m▀[38;2;37;217;54m[48;2;36;217;55m▀[38;2;34;218;53m[48;2;35;217;53m▀[38;2;35;218;53m[48;2;35;218;53m▀[38;2;30;178;57m[48;2;30;178;56m▀[38;2;0;2;75m[48;2;1;2;75m▀[38;2;1;3;76m[48;2;1;3;76m▀[48;2;1;3;75m▀[48;2;1;3;76m▀[38;2;2;3;77m[48;2;2;4;77m▀[38;2;1;4;76m[48;2;1;4;76m▀[38;2;88;90;136m[48;2;88;90;135m▀[49m        [0m
          [38;2;114;116;153m[48;2;114;116;153m▀[38;2;5;35;81m[48;2;5;35;81m▀[38;2;8;54;84m[48;2;9;54;85m▀[48;2;8;54;85m▀[38;2;8;54;86m[48;2;8;54;86m▀[38;2;5;21;74m[48;2;5;21;72m▀[38;2;38;216;55m[48;2;38;220;55m▀[38;2;31;200;55m[48;2;31;200;55m▀[38;2;18;139;58m[48;2;7;101;60m▀[38;2;35;217;54m[48;2;23;169;55m▀[38;2;34;220;51m[48;2;33;219;52m▀[38;2;34;219;52m[48;2;33;220;51m▀[38;2;34;220;53m[48;2;34;220;50m▀[38;2;30;175;60m[48;2;34;219;53m▀[38;2;11;72;76m[48;2;36;220;51m▀[38;2;23;139;65m[48;2;35;220;52m▀[38;2;35;222;51m[48;2;33;220;51m▀[38;2;34;219;52m[48;2;33;219;52m▀[38;2;34;220;54m[48;2;34;221;53m▀[38;2;12;75;72m[48;2;12;75;74m▀[38;2;24;152;63m[48;2;25;153;63m▀[38;2;34;218;52m[48;2;34;219;52m▀[38;2;34;203;57m[48;2;34;203;56m▀[38;2;1;32;78m[48;2;1;31;78m▀[38;2;7;51;83m[48;2;6;52;84m▀[38;2;8;53;85m[48;2;8;52;85m▀[38;2;5;33;81m[48;2;7;47;83m▀[38;2;1;2;76m[48;2;1;3;75m▀[38;2;1;3;74m[48;2;0;6;72m▀[38;2;6;23;74m[48;2;34;178;63m▀[38;2;11;51;71m[48;2;10;51;69m▀[38;2;36;218;53m[48;2;37;218;54m▀[38;2;35;217;53m[48;2;35;218;53m▀[38;2;35;218;52m▄[38;2;30;177;56m[48;2;29;177;57m▀[38;2;1;3;75m[48;2;1;2;75m▀[38;2;1;3;76m[48;2;1;3;76m▀▀[38;2;2;3;76m▀[48;2;2;4;76m▄[38;2;1;4;76m[48;2;1;4;76m▀[38;2;88;90;135m[48;2;88;91;135m▀[49m        [0m
          [38;2;115;115;154m[48;2;115;115;153m▀[38;2;5;36;81m[48;2;5;35;81m▀[38;2;9;54;85m[48;2;8;54;85m▀[48;2;9;54;86m▄[38;2;8;55;86m[48;2;8;55;86m▀[38;2;5;21;73m[48;2;5;21;72m▀[38;2;39;221;55m[48;2;38;221;55m▀[38;2;30;200;54m[48;2;30;201;54m▀[38;2;9;100;62m[48;2;8;99;62m▀[38;2;23;167;56m[48;2;24;167;57m▀[38;2;33;220;52m[48;2;34;219;51m▀[38;2;33;220;51m[48;2;33;220;51m▀[48;2;33;220;52m▀[38;2;33;219;52m[48;2;33;219;51m▀[38;2;35;219;52m[48;2;35;220;52m▀[38;2;34;219;52m[48;2;34;219;53m▀[38;2;33;219;50m[48;2;33;219;51m▀[38;2;33;219;51m▀[38;2;25;143;65m[48;2;18;106;70m▀[38;2;6;49;77m[48;2;3;38;76m▀[38;2;32;191;59m[48;2;36;221;54m▀[38;2;34;218;52m[48;2;33;218;51m▀[38;2;34;203;56m[48;2;34;203;56m▀[38;2;1;32;78m[48;2;1;31;78m▀[38;2;5;49;84m[48;2;3;39;81m▀[38;2;8;53;85m[48;2;7;52;84m▀[38;2;7;51;84m[48;2;6;50;84m▀[38;2;1;3;75m[48;2;1;3;74m▀[38;2;0;6;73m[48;2;0;6;74m▀[38;2;34;179;60m[48;2;32;160;61m▀[38;2;11;52;70m[48;2;11;52;71m▀[38;2;38;217;54m[48;2;36;218;54m▀[38;2;35;218;53m[48;2;35;217;53m▀[48;2;35;218;53m▀[38;2;29;178;56m[48;2;30;178;56m▀[38;2;0;3;74m[48;2;0;2;75m▀[38;2;1;3;76m[48;2;1;3;76m▀[48;2;2;3;76m▀[38;2;1;3;77m▄[38;2;2;3;77m▄[38;2;1;4;76m[48;2;1;3;75m▀[38;2;88;90;135m[48;2;88;90;135m▀[49m        [0m
          [38;2;116;115;154m[48;2;116;116;154m▀[38;2;5;35;81m[48;2;5;35;81m▀[38;2;8;54;85m[48;2;8;54;84m▀[48;2;8;53;86m▀[38;2;5;36;80m[48;2;4;31;80m▀[38;2;20;106;64m[48;2;21;124;62m▀[38;2;36;220;54m[48;2;34;219;51m▀[38;2;30;200;54m[48;2;31;201;54m▀[38;2;7;99;61m[48;2;7;98;60m▀[38;2;11;113;61m[48;2;7;98;62m▀[38;2;31;199;53m[48;2;30;193;54m▀[38;2;33;220;51m[48;2;32;219;51m▀[38;2;32;220;52m[48;2;32;219;50m▀[38;2;33;219;51m[48;2;32;220;50m▀[38;2;33;220;52m[48;2;32;219;50m▀[38;2;34;220;50m[48;2;32;220;49m▀[38;2;33;219;50m[48;2;32;221;51m▀[38;2;33;219;52m[48;2;34;219;53m▀[38;2;17;107;69m[48;2;17;107;70m▀[38;2;2;37;78m[48;2;3;42;77m▀[38;2;37;221;54m[48;2;37;220;55m▀[38;2;33;218;52m[48;2;33;218;52m▀[38;2;34;204;57m[48;2;34;203;56m▀[38;2;1;31;79m[48;2;1;32;78m▀[38;2;3;39;82m[48;2;1;32;81m▀[38;2;7;52;84m[48;2;6;52;84m▀[38;2;7;51;84m[48;2;7;51;84m▀[38;2;1;3;74m[48;2;2;8;74m▀[38;2;1;4;75m[48;2;1;3;75m▀[48;2;0;4;70m▄[38;2;11;52;71m[48;2;11;52;71m▀[38;2;37;217;54m[48;2;38;217;55m▀[38;2;34;217;52m[48;2;35;218;52m▀[38;2;35;218;53m[48;2;35;218;53m▀[38;2;30;178;56m[48;2;30;177;57m▀[38;2;0;3;76m[48;2;1;2;75m▀[38;2;1;3;76m[48;2;1;3;76m▀[48;2;1;4;76m▀[38;2;2;3;76m[48;2;1;3;77m▀[48;2;2;4;77m▀[38;2;1;3;76m[48;2;1;3;76m▀[38;2;87;90;135m[48;2;87;90;135m▀[49m        [0m
          [38;2;115;116;154m[48;2;115;116;154m▀[38;2;5;35;82m[48;2;5;35;81m▀[38;2;8;53;84m[48;2;8;53;85m▀[38;2;7;54;85m[48;2;7;53;84m▀[38;2;4;30;80m[48;2;4;30;80m▀[38;2;22;125;63m[48;2;22;125;62m▀[38;2;34;219;52m[48;2;33;219;51m▀[38;2;31;201;55m[48;2;31;201;55m▀[38;2;7;98;61m[48;2;7;98;61m▀[38;2;7;98;62m[48;2;7;97;61m▀[38;2;30;193;55m[48;2;29;193;54m▀[38;2;32;219;50m[48;2;32;219;51m▀[48;2;33;218;50m▀[48;2;31;219;49m▄[38;2;33;219;49m[48;2;33;218;50m▀[38;2;33;219;50m[48;2;33;219;50m▀[38;2;33;221;50m[48;2;33;220;51m▀[38;2;35;221;54m[48;2;26;164;60m▀[38;2;18;107;70m[48;2;6;48;79m▀[38;2;19;119;70m[48;2;20;120;68m▀[38;2;34;219;52m[48;2;34;218;51m▀[48;2;33;218;52m▄[38;2;34;202;58m[48;2;33;203;57m▀[38;2;1;31;77m[48;2;1;30;78m▀[38;2;1;32;81m[48;2;1;33;81m▀[38;2;6;49;83m[48;2;6;48;84m▀[38;2;7;53;84m[48;2;8;53;85m▀[38;2;4;21;79m[48;2;3;22;79m▀[38;2;1;3;75m[48;2;2;3;76m▀[38;2;2;4;76m[48;2;1;4;76m▀[38;2;11;52;71m[48;2;11;52;71m▀[38;2;37;217;54m[48;2;37;218;55m▀[38;2;35;218;52m[48;2;35;218;52m▀[38;2;35;218;53m[48;2;35;218;54m▀[38;2;30;178;56m[48;2;30;177;56m▀[38;2;1;2;76m[48;2;1;3;75m▀[38;2;1;3;76m[48;2;1;4;76m▀[48;2;1;3;77m▄[38;2;2;4;76m[48;2;2;3;77m▀[48;2;1;4;76m▀[38;2;1;3;76m[48;2;1;4;77m▀[38;2;87;90;134m[48;2;87;90;135m▀[49m        [0m
          [38;2;116;116;154m[48;2;115;116;154m▀[38;2;5;35;81m[48;2;5;35;81m▀[38;2;8;53;85m[48;2;8;54;85m▀[38;2;7;52;85m[48;2;8;51;85m▀[38;2;5;28;74m[48;2;7;25;72m▀[38;2;30;173;59m[48;2;34;221;53m▀[38;2;33;219;52m[48;2;33;219;51m▀[38;2;30;200;55m[48;2;30;201;54m▀[38;2;6;98;61m[48;2;7;98;61m▀[38;2;7;98;62m[48;2;8;98;63m▀[38;2;28;194;55m[48;2;18;147;58m▀[38;2;33;220;50m[48;2;34;220;51m▀[38;2;33;218;50m[48;2;33;218;50m▀[38;2;33;218;51m[48;2;34;218;51m▀[38;2;33;219;51m[48;2;33;219;51m▀[38;2;34;219;51m[48;2;34;219;51m▀[38;2;33;220;51m[48;2;33;220;52m▀[38;2;23;149;64m[48;2;24;148;63m▀[38;2;2;32;80m[48;2;1;32;81m▀[38;2;20;120;68m[48;2;21;119;68m▀[38;2;34;219;51m[48;2;34;219;51m▀[38;2;33;219;51m[48;2;33;219;51m▀[38;2;34;202;56m[48;2;33;203;56m▀[38;2;1;31;80m[48;2;1;31;79m▀[38;2;2;33;80m[48;2;1;33;81m▀[38;2;6;49;83m[48;2;6;48;83m▀[38;2;8;53;84m[48;2;7;52;84m▀[38;2;3;21;78m[48;2;5;31;80m▀[38;2;1;3;75m[48;2;1;3;75m▀[38;2;1;4;76m[48;2;1;4;76m▀[38;2;11;52;72m[48;2;11;52;71m▀[38;2;37;218;53m[48;2;37;218;53m▀[38;2;35;218;53m[48;2;35;218;53m▀▀[38;2;29;178;55m[48;2;29;178;56m▀[38;2;0;3;75m[48;2;1;2;75m▀[38;2;1;4;76m[48;2;1;3;76m▀[38;2;2;3;77m[48;2;2;3;76m▀[38;2;2;4;76m[48;2;2;4;77m▀[38;2;1;4;76m▀[48;2;1;4;76m▀[38;2;87;90;134m[48;2;88;90;136m▀[49m        [0m
          [38;2;115;116;154m[48;2;115;116;155m▀[38;2;5;35;81m[48;2;5;35;81m▀[38;2;9;54;85m[48;2;8;54;85m▀[38;2;8;53;85m[48;2;8;52;86m▀[38;2;6;24;71m[48;2;5;25;72m▀[38;2;34;222;52m[48;2;34;222;52m▀[38;2;33;220;50m[48;2;33;220;52m▀[38;2;28;200;55m[48;2;30;200;54m▀[38;2;7;98;62m[48;2;6;98;61m▀[48;2;8;98;63m▄[38;2;14;127;60m[48;2;14;127;61m▀[38;2;34;220;52m[48;2;34;220;52m▀[38;2;33;218;50m[48;2;33;218;51m▀[38;2;34;218;51m[48;2;34;218;51m▀[38;2;34;219;51m[48;2;34;219;51m▀[38;2;33;219;50m[48;2;33;219;50m▀[38;2;32;213;52m[48;2;27;170;58m▀[38;2;24;128;68m[48;2;1;30;80m▀[38;2;7;55;78m[48;2;9;64;76m▀[38;2;31;191;57m[48;2;35;221;53m▀[38;2;33;220;52m[48;2;33;219;52m▀[38;2;33;219;51m[48;2;33;219;51m▀[38;2;34;203;56m[48;2;35;204;57m▀[38;2;1;31;80m[48;2;1;31;78m▀[38;2;1;33;81m[48;2;1;32;80m▀[38;2;6;48;83m[48;2;6;48;83m▀[38;2;8;53;84m[48;2;8;52;84m▀[38;2;6;36;82m[48;2;6;36;82m▀[38;2;1;3;75m[48;2;1;3;75m▀[38;2;2;4;76m[48;2;2;3;76m▀[38;2;11;52;71m[48;2;11;51;71m▀[38;2;37;217;53m[48;2;37;217;54m▀[38;2;35;218;53m[48;2;35;218;53m▀[38;2;35;219;53m[48;2;35;219;53m▀[38;2;29;178;57m[48;2;29;178;56m▀[38;2;0;3;74m[48;2;0;2;75m▀[38;2;1;3;76m[48;2;1;4;76m▀[38;2;1;3;77m[48;2;2;4;77m▀[38;2;2;3;76m[48;2;1;4;77m▀[48;2;2;4;76m▀[38;2;1;3;76m[48;2;1;4;76m▀[38;2;87;89;135m[48;2;88;89;135m▀[49m        [0m
          [38;2;116;116;154m[48;2;116;117;154m▀[38;2;5;34;81m[48;2;5;35;81m▀[38;2;8;53;84m[48;2;8;53;84m▀[38;2;8;53;86m[48;2;7;52;85m▀[38;2;5;25;72m[48;2;5;25;72m▀[38;2;36;221;54m[48;2;36;211;56m▀[38;2;35;220;53m[48;2;35;193;60m▀[38;2;30;201;55m[48;2;29;179;58m▀[38;2;6;98;60m[48;2;6;98;60m▀[38;2;7;98;62m[48;2;7;98;62m▀[38;2;14;126;60m[48;2;11;110;62m▀[38;2;34;221;53m[48;2;31;203;55m▀[38;2;33;218;50m[48;2;34;218;51m▀[38;2;33;219;51m[48;2;33;219;51m▀[48;2;33;219;50m▀[38;2;33;220;52m[48;2;33;208;55m▀[38;2;28;171;59m[48;2;16;100;72m▀[38;2;1;31;80m[48;2;1;31;79m▀[38;2;9;65;76m[48;2;21;112;69m▀[38;2;35;221;52m[48;2;35;221;52m▀[38;2;33;219;52m[48;2;33;218;52m▀[48;2;33;219;52m▀[38;2;35;204;57m[48;2;34;204;57m▀[38;2;1;31;79m[48;2;1;31;79m▀[38;2;1;32;80m[48;2;1;32;81m▀[38;2;5;48;83m[48;2;6;47;83m▀[38;2;8;53;84m[48;2;8;53;85m▀[38;2;6;35;82m[48;2;5;35;82m▀[38;2;1;3;75m[48;2;1;3;75m▀[38;2;2;4;76m[48;2;2;4;76m▀[38;2;10;51;71m[48;2;11;52;71m▀[38;2;36;217;54m[48;2;37;218;54m▀[38;2;35;218;53m[48;2;35;218;53m▀[38;2;35;219;53m[48;2;35;219;54m▀[38;2;30;178;57m[48;2;30;178;57m▀[38;2;1;3;74m[48;2;1;3;75m▀[38;2;1;3;76m[48;2;1;4;76m▀[38;2;2;3;76m[48;2;2;4;76m▀[38;2;2;4;77m▀[38;2;2;4;76m▀[38;2;1;4;77m[48;2;1;4;77m▀[38;2;87;89;135m[48;2;88;90;135m▀[49m        [0m
          [38;2;115;117;154m[48;2;116;116;154m▀[38;2;5;35;81m[48;2;5;35;81m▀[38;2;9;53;84m[48;2;8;54;85m▀[38;2;7;52;85m[48;2;8;52;85m▀[38;2;6;24;72m[48;2;4;13;74m▀[38;2;27;145;60m[48;2;15;74;67m▀[38;2;0;3;69m[48;2;0;2;74m▀[38;2;2;29;67m[48;2;2;17;71m▀[38;2;6;100;60m[48;2;6;71;64m▀[38;2;7;98;61m[48;2;6;99;62m▀[38;2;7;97;62m[48;2;7;99;60m▀[38;2;28;187;55m[48;2;28;187;56m▀[38;2;34;218;51m[48;2;33;218;51m▀[38;2;34;219;51m[48;2;34;219;51m▀[38;2;33;220;51m[48;2;34;220;52m▀[38;2;32;196;56m[48;2;32;199;57m▀[38;2;1;31;80m[48;2;2;32;80m▀[38;2;1;32;77m[48;2;21;130;64m▀[38;2;36;209;55m[48;2;35;218;53m▀[38;2;35;221;52m[48;2;34;219;52m▀[38;2;33;219;52m[48;2;33;219;52m▀[38;2;33;220;52m[48;2;34;220;52m▀[38;2;33;203;56m[48;2;35;204;57m▀[38;2;1;31;79m[48;2;1;31;79m▀[38;2;1;32;81m[48;2;1;32;81m▀[38;2;6;47;83m[48;2;5;47;84m▀[38;2;9;53;85m[48;2;8;53;86m▀[38;2;5;35;82m[48;2;5;35;82m▀[38;2;1;3;74m[48;2;1;3;74m▀[38;2;2;3;76m[48;2;1;3;76m▀[38;2;11;51;71m[48;2;11;51;71m▀[38;2;37;217;54m[48;2;36;218;53m▀[38;2;35;218;53m[48;2;35;218;53m▀[38;2;35;219;53m[48;2;34;219;53m▀[38;2;29;179;56m[48;2;29;179;56m▀[38;2;0;3;74m[48;2;1;3;76m▀[38;2;1;4;77m[48;2;1;3;77m▀[48;2;2;3;77m▄[48;2;2;4;77m▀[38;2;2;4;77m▀[38;2;1;4;77m[48;2;2;4;76m▀[38;2;88;89;135m[48;2;88;90;135m▀[49m        [0m
          [38;2;116;116;154m[48;2;115;117;154m▀[38;2;5;35;82m[48;2;4;35;82m▀[38;2;8;55;85m[48;2;9;54;85m▀[38;2;8;53;86m[48;2;8;54;85m▀[38;2;1;7;75m[48;2;7;53;86m▀[38;2;1;3;75m[48;2;1;5;76m▀[38;2;1;3;76m[48;2;1;4;77m▀[48;2;1;3;75m▄[38;2;4;35;71m[48;2;1;4;76m▀[38;2;6;98;64m[48;2;4;47;66m▀[38;2;6;99;60m[48;2;6;99;59m▀[38;2;28;187;57m[48;2;27;187;57m▀[38;2;33;219;51m[48;2;33;220;51m▀[38;2;34;219;51m[48;2;33;219;50m▀[38;2;35;212;55m[48;2;31;197;56m▀[38;2;26;140;68m[48;2;1;32;79m▀[38;2;5;50;78m[48;2;28;160;62m▀[38;2;28;168;59m[48;2;35;220;53m▀[38;2;34;220;52m[48;2;33;219;51m▀[38;2;33;220;51m[48;2;34;219;52m▀[38;2;34;219;53m[48;2;35;221;54m▀[38;2;34;220;53m[48;2;35;220;53m▀[38;2;34;203;57m[48;2;35;202;57m▀[38;2;1;31;79m[48;2;1;32;79m▀[38;2;1;32;81m[48;2;1;32;81m▀[38;2;5;47;83m[48;2;5;47;83m▀[38;2;8;53;85m[48;2;8;52;84m▀[38;2;7;48;84m[48;2;7;51;84m▀[38;2;1;11;75m[48;2;2;13;76m▀[38;2;2;3;76m[48;2;1;4;75m▀[38;2;11;52;71m[48;2;11;52;72m▀[38;2;37;218;53m[48;2;37;218;53m▀[38;2;35;218;53m[48;2;35;218;54m▀[38;2;35;219;53m[48;2;35;219;54m▀[38;2;30;179;56m[48;2;29;179;57m▀[38;2;1;3;75m[48;2;0;3;75m▀[38;2;1;4;76m[48;2;1;4;76m▀[38;2;2;3;77m[48;2;2;3;76m▀[48;2;1;4;77m▄[38;2;2;4;77m▄[48;2;2;4;77m▀[38;2;88;90;135m[48;2;87;90;135m▀[49m        [0m
          [38;2;115;116;154m[48;2;115;115;153m▀[38;2;5;35;81m[48;2;5;35;81m▀[38;2;9;55;85m[48;2;8;54;84m▀[38;2;9;54;85m[48;2;8;54;85m▀[38;2;8;54;86m[48;2;7;54;86m▀[38;2;1;6;76m[48;2;1;5;76m▀[38;2;1;3;76m[48;2;1;3;75m▀▄[38;2;1;3;77m[48;2;2;3;76m▀[38;2;4;25;73m[48;2;1;2;77m▀[38;2;5;73;64m[48;2;4;36;70m▀[38;2;27;187;56m[48;2;28;177;62m▀[38;2;33;221;51m[48;2;33;220;51m▀[38;2;32;219;50m[48;2;33;219;51m▀[38;2;31;197;55m[48;2;33;212;53m▀[38;2;1;31;78m[48;2;27;159;64m▀[38;2;27;160;64m[48;2;32;201;55m▀[38;2;33;220;52m[48;2;33;220;52m▀[38;2;32;219;50m[48;2;33;219;52m▀[38;2;34;219;52m[48;2;34;220;53m▀[38;2;26;135;63m[48;2;16;88;66m▀[38;2;18;80;68m[48;2;1;4;76m▀[38;2;17;73;70m[48;2;0;4;76m▀[38;2;1;11;75m[48;2;0;3;75m▀[38;2;1;21;79m[48;2;1;15;78m▀[38;2;5;47;83m[48;2;5;45;84m▀[38;2;7;52;84m[48;2;7;52;84m▀[38;2;7;52;85m[48;2;7;52;85m▀[38;2;2;14;77m[48;2;2;14;77m▀[38;2;1;4;75m[48;2;1;4;75m▀[38;2;11;52;71m[48;2;11;51;71m▀[38;2;37;218;53m[48;2;36;218;53m▀[38;2;35;219;54m▀[48;2;35;219;54m▀[38;2;30;178;56m[48;2;29;179;57m▀[38;2;0;2;75m[48;2;0;2;75m▀[38;2;1;4;76m[48;2;1;3;76m▀[48;2;2;4;76m▀[38;2;2;4;76m▀▀[38;2;1;4;76m[48;2;1;4;76m▀[38;2;87;90;135m[48;2;87;89;135m▀[49m        [0m
         [38;2;86;86;130m▄[38;2;114;115;153m[48;2;20;21;87m▀[38;2;5;35;82m[48;2;2;8;76m▀[38;2;8;54;86m[48;2;2;12;77m▀[48;2;2;13;77m▀[38;2;8;54;88m[48;2;2;14;76m▀[38;2;1;6;76m[48;2;1;3;74m▀[38;2;5;71;64m▄[38;2;0;2;75m[48;2;6;77;63m▀[38;2;1;3;75m[48;2;1;2;75m▀[38;2;1;3;76m[48;2;1;3;76m▀[38;2;1;4;74m▀[38;2;13;70;64m[48;2;12;66;71m▀[38;2;33;220;50m[48;2;34;220;51m▀[48;2;34;219;50m▀[38;2;33;219;52m[48;2;33;219;52m▀[38;2;34;220;53m[48;2;33;218;51m▀[38;2;34;219;52m[48;2;32;219;50m▀[38;2;33;219;51m[48;2;33;218;51m▀[38;2;33;221;52m[48;2;33;221;53m▀[38;2;36;221;56m[48;2;14;66;67m▀[38;2;17;87;68m[48;2;4;15;73m▀[38;2;1;3;75m[48;2;1;3;76m▀[38;2;1;3;76m▀[48;2;1;3;75m▀[38;2;0;3;75m[48;2;0;3;75m▀[38;2;3;20;77m[48;2;2;20;77m▀[38;2;7;52;84m[48;2;7;53;84m▀[48;2;6;51;84m▀[38;2;2;14;77m[48;2;2;13;77m▀[38;2;0;3;75m[48;2;0;3;74m▀[38;2;11;51;72m[48;2;3;10;74m▀[38;2;37;220;57m[48;2;9;41;69m▀[38;2;36;222;57m[48;2;10;40;71m▀[38;2;36;221;58m[48;2;10;39;71m▀[38;2;31;179;59m[48;2;9;33;71m▀[38;2;0;3;75m[48;2;1;2;75m▀[38;2;2;3;76m[48;2;2;3;76m▀[38;2;1;4;77m[48;2;1;4;76m▀[38;2;2;4;77m▀[48;2;2;4;76m▄[38;2;1;4;76m[48;2;1;4;76m▀[38;2;87;88;135m[48;2;16;18;84m▀[38;2;114;116;150m[49m▄       [0m
        [38;2;68;69;119m▄[38;2;37;63;93m[48;2;5;80;62m▀[38;2;4;39;70m[48;2;6;102;60m▀[38;2;3;38;70m[48;2;6;87;61m▀[38;2;2;11;74m[48;2;11;56;70m▀[38;2;0;3;75m[48;2;13;50;72m▀[38;2;6;24;73m[48;2;18;81;68m▀[38;2;24;117;65m[48;2;36;218;55m▀[38;2;22;151;56m[48;2;35;209;58m▀[38;2;5;86;60m[48;2;5;66;63m▀[38;2;0;2;75m[48;2;0;2;75m▀[38;2;1;3;75m[48;2;1;4;75m▀[38;2;1;4;76m[48;2;1;4;76m▀[38;2;9;44;72m[48;2;1;3;75m▀[38;2;27;163;57m[48;2;10;57;69m▀[38;2;35;219;52m[48;2;35;221;55m▀[38;2;35;220;52m[48;2;37;222;57m▀[38;2;34;219;52m[48;2;36;222;57m▀[38;2;34;219;51m[48;2;36;221;56m▀[38;2;33;216;53m[48;2;35;208;58m▀[38;2;24;141;59m[48;2;3;9;71m▀[38;2;6;26;72m[48;2;11;43;74m▀[38;2;0;4;74m[48;2;11;45;72m▀[38;2;0;3;75m[48;2;13;45;73m▀[38;2;3;27;75m[48;2;6;71;78m▀[38;2;2;21;76m[48;2;3;45;74m▀[38;2;1;2;74m[48;2;0;3;75m▀[38;2;2;8;77m[48;2;1;3;76m▀[38;2;5;32;79m[48;2;3;14;76m▀[38;2;7;51;85m[48;2;5;41;82m▀[38;2;2;14;76m[48;2;2;11;76m▀[38;2;14;62;70m[48;2;31;179;60m▀[38;2;16;74;69m[48;2;36;218;54m▀[38;2;17;74;70m[48;2;37;219;54m▀[38;2;17;74;71m[48;2;36;218;54m▀[38;2;16;74;70m▀[38;2;13;60;69m[48;2;29;177;56m▀[38;2;0;3;75m[48;2;1;3;76m▀[38;2;1;4;76m[48;2;2;4;76m▀[38;2;1;3;76m▄[38;2;1;4;76m[48;2;2;4;77m▀[48;2;1;4;76m▀[38;2;2;3;76m▀[38;2;1;4;77m▄[38;2;53;55;110m[48;2;1;3;76m▀[38;2;100;102;143m[49m▄      [0m
        [38;2;68;69;121m[48;2;69;70;121m▀[38;2;6;80;64m[48;2;5;81;64m▀[38;2;7;102;62m[48;2;8;102;62m▀[38;2;3;30;70m[48;2;3;30;72m▀[38;2;28;163;59m[48;2;29;163;62m▀[38;2;35;219;52m[48;2;36;218;55m▀[38;2;35;218;53m[48;2;36;219;55m▀[38;2;28;154;59m[48;2;26;143;61m▀[38;2;10;33;71m[48;2;1;3;74m▀[38;2;1;3;73m[48;2;1;3;75m▀[38;2;1;3;76m[48;2;1;4;76m▀[38;2;1;4;76m▀[38;2;2;3;76m[48;2;1;3;76m▀[38;2;1;4;75m[48;2;1;4;76m▀[38;2;4;12;74m[48;2;1;3;77m▀[38;2;11;41;70m[48;2;1;4;75m▀[38;2;11;40;71m▀[38;2;10;41;70m▀[38;2;11;40;71m▀[38;2;10;38;70m[48;2;1;3;75m▀[38;2;7;26;71m[48;2;7;26;73m▀[38;2;36;219;53m[48;2;36;219;53m▀[38;2;34;217;52m[48;2;35;218;53m▀[38;2;38;217;55m[48;2;38;218;55m▀[38;2;8;73;78m[48;2;8;72;80m▀[38;2;0;2;74m[48;2;1;2;73m▀[38;2;1;3;75m[48;2;1;3;75m▀[38;2;1;4;77m[48;2;2;3;75m▀[38;2;1;3;75m[48;2;1;4;75m▀[38;2;1;2;75m[48;2;1;3;77m▀[38;2;0;3;76m[48;2;1;3;75m▀[38;2;31;180;60m[48;2;33;181;59m▀[38;2;35;218;54m[48;2;37;219;55m▀[38;2;35;219;54m[48;2;37;220;55m▀[38;2;34;219;53m[48;2;36;220;54m▀[38;2;35;218;54m[48;2;36;219;55m▀[38;2;30;177;57m[48;2;30;178;58m▀[38;2;1;3;76m[48;2;1;3;75m▀[38;2;1;4;76m[48;2;1;4;76m▀▀[38;2;2;3;76m[48;2;1;3;76m▀[38;2;2;4;77m[48;2;2;4;76m▀[38;2;1;4;77m▀[38;2;1;4;76m▀[48;2;1;4;77m▄[38;2;100;102;144m[48;2;100;102;143m▀[49m      [0m
     [38;2;100;101;141m▄[38;2;0;2;73m▄[38;2;0;2;74m▄[38;2;53;55;111m[48;2;0;3;75m▀[38;2;5;64;67m[48;2;0;2;75m▀[38;2;6;79;65m▀[38;2;2;24;72m▀[38;2;24;128;64m[48;2;0;3;75m▀[38;2;30;172;59m[48;2;0;3;74m▀[38;2;31;174;59m[48;2;0;2;74m▀[38;2;22;112;65m[48;2;0;2;75m▀[38;2;1;3;74m[48;2;0;2;76m▀[38;2;1;3;75m[48;2;0;3;76m▀[38;2;1;3;76m[48;2;1;3;76m▀[48;2;0;3;75m▀[48;2;1;3;76m▀[48;2;0;3;76m▀[38;2;1;4;76m▀[38;2;2;4;75m▀[38;2;2;4;76m▀[38;2;1;4;76m▀[38;2;2;4;75m▀[38;2;1;4;76m[48;2;1;3;76m▀[38;2;6;21;74m[48;2;0;2;75m▀[38;2;31;171;58m[48;2;0;3;73m▀[38;2;31;172;59m[48;2;0;2;73m▀[38;2;34;173;61m▀[38;2;7;56;79m[48;2;0;2;74m▀[38;2;0;2;73m[48;2;0;2;75m▀[38;2;1;3;75m▀[38;2;1;3;76m[48;2;0;3;76m▀[48;2;1;3;75m▀[48;2;1;3;76m▀[48;2;0;2;75m▀[38;2;26;141;63m[48;2;0;2;74m▀[38;2;31;174;59m[48;2;0;3;75m▀[38;2;32;175;60m[48;2;0;3;76m▀[38;2;32;176;60m[48;2;0;4;74m▀[38;2;32;175;60m[48;2;0;3;74m▀[38;2;27;140;62m[48;2;0;2;75m▀[38;2;1;2;75m[48;2;0;2;76m▀[38;2;1;4;76m[48;2;0;3;75m▀[38;2;1;4;77m[48;2;0;3;76m▀[38;2;1;4;76m[48;2;1;3;76m▀[48;2;1;4;77m▄[38;2;2;4;76m[48;2;0;3;76m▀[38;2;2;4;77m▀[38;2;1;3;75m[48;2;0;2;76m▀[38;2;78;79;127m[48;2;0;3;75m▀[38;2;101;104;142m[49m▄     [0m
                                                            [0m
                                                            [0m