                                                            [0m
                                                            [0m
                                                            [0m
                              [38;2;39;39;39m▄[38;2;1;1;1m▄[48;2;64;64;64m▄[48;2;17;17;18m▄[38;2;41;41;41m[48;2;0;1;1m▀[38;2;105;105;106m[49m▄                        [0m
                           [38;2;82;82;82m▄[38;2;115;116;116m[48;2;1;1;1m▀[38;2;19;20;19m[48;2;2;2;1m▀[38;2;1;2;1m[48;2;3;3;1m▀[38;2;3;3;2m▀[38;2;3;3;1m▀▀[38;2;2;2;1m▀[38;2;22;23;23m[48;2;1;1;2m▀[49m                        [0m
            [38;2;77;77;77m▄[38;2;71;71;71m▄[38;2;65;65;65m▄[38;2;88;88;88m▄          [38;2;107;109;108m[48;2;8;17;9m▀[38;2;2;2;1m[48;2;3;9;3m▀[38;2;3;4;1m[48;2;4;5;2m▀[38;2;4;4;1m[48;2;4;4;1m▀[38;2;3;3;1m[48;2;3;3;0m▀▄[48;2;3;3;1m▀▀[38;2;2;2;1m▀[38;2;1;1;1m[48;2;1;1;1m▀[38;2;87;87;88m[49m▄                       [0m
          [38;2;106;122;108m▄[38;2;113;126;114m[48;2;178;207;177m▀[38;2;142;164;142m[48;2;217;252;214m▀[38;2;147;170;147m▀[38;2;152;174;151m▀[38;2;142;159;141m[48;2;207;239;206m▀[38;2;111;122;111m[49m▄         [38;2;2;6;2m[48;2;1;6;3m▀[38;2;1;1;1m[48;2;2;4;3m▀[38;2;3;4;1m[48;2;6;29;13m▀[38;2;4;4;1m[48;2;3;3;1m▀[48;2;4;4;2m▀[48;2;3;3;1m▄[38;2;3;3;0m▄[38;2;4;4;2m▄[38;2;4;3;1m▀[38;2;1;1;1m[48;2;1;1;1m▀[38;2;57;58;58m[48;2;15;15;15m▀[49m                       [0m
         [38;2;81;102;85m▄[38;2;119;187;134m[48;2;158;244;174m▀[38;2;218;252;216m[48;2;218;252;216m▀[38;2;218;252;215m[48;2;217;252;214m▀[48;2;218;252;215m▀[38;2;217;251;214m[48;2;218;251;214m▀[38;2;217;252;215m[48;2;218;252;215m▀[38;2;174;200;172m[48;2;218;252;216m▀[38;2;134;137;135m[48;2;92;122;98m▀[49m        [38;2;1;3;1m[48;2;1;1;1m▀[38;2;4;17;8m[48;2;11;38;14m▀[38;2;8;42;16m[48;2;15;58;20m▀[38;2;5;22;9m[48;2;12;49;20m▀[38;2;3;4;1m[48;2;3;7;4m▀[38;2;4;4;2m[48;2;4;4;1m▀[38;2;3;3;1m▀[38;2;4;4;1m▀[38;2;3;3;1m[48;2;3;3;1m▀[38;2;1;2;1m[48;2;2;2;1m▀[38;2;4;4;4m[48;2;0;1;0m▀[49m                       [0m
         [38;2;99;157;111m[48;2;93;174;110m▀[38;2;198;248;204m[48;2;141;247;164m▀[38;2;219;252;216m[48;2;219;252;215m▀[38;2;218;252;215m[48;2;217;252;215m▀[48;2;218;252;216m▀[48;2;218;252;215m▀[38;2;218;252;214m[48;2;219;251;216m▀[38;2;218;252;216m▀[38;2;103;182;120m[48;2;108;184;123m▀[49m        [38;2;26;26;27m[48;2;66;67;67m▀[38;2;7;18;8m[48;2;7;8;8m▀[38;2;19;57;24m[48;2;69;95;73m▀[38;2;16;32;19m[48;2;19;60;24m▀[38;2;136;136;136m[48;2;79;104;82m▀[38;2;4;5;3m[48;2;7;27;10m▀[38;2;4;4;1m[48;2;4;5;2m▀[38;2;5;4;1m[48;2;4;4;2m▀[38;2;3;3;1m[48;2;3;3;1m▀[48;2;3;2;1m▀[38;2;1;1;0m[48;2;1;1;0m▀[38;2;112;112;112m[48;2;31;31;31m▀[49m                      [0m
         [38;2;94;171;110m[48;2;93;170;110m▀[38;2;173;248;185m[48;2;180;244;190m▀[38;2;151;169;149m[48;2;25;27;25m▀[38;2;77;86;76m[48;2;1;1;1m▀[38;2;216;244;213m[48;2;125;144;124m▀[38;2;214;245;213m[48;2;160;184;159m▀[38;2;73;82;73m[48;2;1;1;1m▀[38;2;101;111;100m[48;2;0;0;0m▀[38;2;136;185;142m[48;2;135;161;135m▀[49m        [38;2;80;79;80m▀[38;2;1;1;1m[48;2;1;1;1m▀[38;2;14;43;17m[48;2;16;52;20m▀[38;2;19;61;23m[48;2;19;62;24m▀[38;2;19;59;22m[48;2;19;59;22m▀[38;2;12;50;19m[48;2;10;32;14m▀[38;2;4;8;4m[48;2;5;24;10m▀[38;2;4;4;1m[48;2;3;4;1m▀[48;2;5;5;2m▄[38;2;3;2;0m[48;2;3;3;1m▀[38;2;1;1;0m[48;2;2;2;1m▀[38;2;31;31;30m[48;2;7;8;7m▀[49m                      [0m
         [38;2;93;167;108m[48;2;91;164;105m▀[38;2;180;246;191m[48;2;181;247;192m▀[38;2;12;13;12m[48;2;15;17;14m▀[38;2;0;0;0m[48;2;11;13;11m▀[38;2;121;137;119m[48;2;185;207;184m▀[38;2;165;188;164m[48;2;133;149;133m▀[38;2;1;1;2m[48;2;78;87;77m▀[38;2;0;0;1m[48;2;48;54;48m▀[38;2;137;161;136m[48;2;146;170;145m▀[49m         [38;2;1;1;1m[48;2;0;0;1m▀[38;2;11;38;14m[48;2;7;23;10m▀[38;2;18;60;22m[48;2;15;47;18m▀[38;2;19;58;23m[48;2;17;55;20m▀[38;2;9;31;14m[48;2;12;49;18m▀[38;2;12;61;23m[48;2;8;43;15m▀[38;2;5;21;7m[48;2;9;59;17m▀[38;2;4;3;1m[48;2;3;3;1m▀[48;2;3;2;0m▀[48;2;3;3;1m▀[38;2;1;1;1m[48;2;3;2;1m▀[38;2;56;56;56m[48;2;0;0;0m▀[49m                     [0m
         [38;2;86;139;97m[48;2;113;117;113m▀[38;2;180;248;191m[48;2;152;214;163m▀[38;2;191;225;191m[48;2;194;245;198m▀[38;2;191;230;192m[48;2;200;244;201m▀[38;2;135;154;135m[48;2;109;124;109m▀[38;2;43;47;42m[48;2;76;84;77m▀[38;2;219;251;216m[48;2;207;237;205m▀[38;2;216;251;214m[48;2;124;141;122m▀[38;2;174;203;173m[48;2;111;126;110m▀[49m         [38;2;0;0;0m[48;2;1;0;1m▀[38;2;5;13;6m[48;2;2;4;2m▀[38;2;21;65;27m[48;2;20;65;25m▀[38;2;17;57;22m[48;2;17;60;22m▀[38;2;12;50;18m[48;2;14;52;18m▀[38;2;6;26;11m[48;2;3;10;5m▀[38;2;12;82;24m[48;2;10;79;22m▀[38;2;3;4;2m[48;2;6;20;7m▀[38;2;4;4;2m[48;2;3;4;1m▀[38;2;2;2;1m[48;2;3;3;1m▀[38;2;2;2;0m▄[38;2;1;1;1m[48;2;3;4;2m▀[48;2;7;7;7m▄[38;2;41;42;42m[49m▄                   [0m
          [38;2;60;92;67m▀[38;2;55;126;67m[48;2;41;44;43m▀[38;2;106;164;111m[48;2;98;117;100m▀[38;2;203;233;201m[48;2;192;218;190m▀[38;2;206;237;205m[48;2;186;212;185m▀[38;2;192;222;191m[48;2;156;180;156m▀[38;2;24;24;24m[48;2;60;61;61m▀[38;2;119;119;118m[49m▀         [38;2;2;7;4m[48;2;2;9;4m▀[38;2;1;1;1m[48;2;1;1;1m▀[38;2;16;55;20m[48;2;9;25;10m▀[38;2;18;61;22m[48;2;7;22;10m▀[38;2;8;30;12m[48;2;1;2;2m▀[38;2;1;1;1m[48;2;0;0;0m▀[38;2;7;40;12m[48;2;2;8;4m▀[38;2;9;54;17m[48;2;13;77;26m▀[38;2;4;4;1m[48;2;3;4;2m▀[48;2;3;4;1m▀[38;2;3;3;0m[48;2;3;3;1m▀▄[38;2;3;2;1m[48;2;2;2;1m▀[38;2;0;0;0m[48;2;3;3;3m▀[49m                   [0m
           [38;2;96;106;99m[48;2;98;104;99m▀[38;2;115;149;120m[48;2;93;154;105m▀[38;2;126;143;125m[48;2;69;105;76m▀[38;2;123;144;124m[48;2;104;147;109m▀[38;2;95;118;98m[48;2;74;136;86m▀[38;2;62;67;63m[48;2;75;100;81m▀[49m         [38;2;70;115;81m[48;2;40;80;48m▀[38;2;1;1;1m[48;2;0;0;0m▀[48;2;1;1;0m▀▀[38;2;1;0;1m[48;2;0;1;1m▀[38;2;0;0;1m[48;2;2;5;2m▀[48;2;0;0;0m▄[38;2;0;0;0m▀[38;2;14;77;25m[48;2;9;70;19m▀[38;2;4;10;4m[48;2;6;27;8m▀[38;2;4;5;3m[48;2;4;5;2m▀[38;2;3;2;1m[48;2;3;3;1m▀[38;2;3;2;0m[48;2;2;2;1m▀[38;2;1;1;0m[48;2;0;0;0m▀[38;2;28;29;29m▀[38;2;52;52;52m[49m▄                  [0m
           [38;2;98;102;99m▀[38;2;154;224;166m[48;2;91;102;90m▀[38;2;208;242;206m[48;2;207;237;204m▀[38;2;216;249;213m[48;2;216;251;215m▀[38;2;205;248;207m[48;2;154;177;155m▀[38;2;78;101;82m[49m▀         [38;2;5;44;13m[48;2;18;74;31m▀[38;2;0;0;0m[48;2;0;0;0m▀▀[38;2;1;1;0m[48;2;1;1;1m▀[48;2;1;0;1m▀[38;2;0;1;1m[48;2;0;1;1m▀[38;2;0;0;1m▀[38;2;0;0;0m[48;2;0;1;0m▀[38;2;12;97;25m[48;2;16;120;31m▀[38;2;6;27;8m[48;2;3;11;3m▀[38;2;4;4;1m[48;2;3;3;1m▀[38;2;2;2;1m[48;2;1;1;0m▀[38;2;0;0;0m▄[38;2;0;1;0m[48;2;0;1;1m▀[38;2;0;0;0m[48;2;0;0;0m▀▀[38;2;79;79;80m▀[38;2;103;103;104m[49m▄                [0m
             [38;2;70;76;69m[48;2;37;37;38m▀[38;2;64;72;64m[48;2;0;1;1m▀[38;2;70;73;70m[48;2;67;67;67m▀[49m          [38;2;106;160;118m[48;2;81;88;83m▀[38;2;3;26;10m[48;2;7;79;27m▀[38;2;0;0;0m[48;2;2;8;4m▀[48;2;0;0;1m▀[38;2;1;1;1m[48;2;1;1;0m▀[48;2;1;2;1m▄[38;2;0;1;1m[48;2;3;14;6m▀[38;2;10;60;19m[48;2;17;116;34m▀[38;2;12;81;22m[48;2;5;14;6m▀[38;2;2;4;1m[48;2;0;1;1m▀[38;2;1;1;1m[48;2;1;1;1m▀[38;2;1;1;0m[48;2;1;1;0m▀[38;2;0;0;0m[48;2;0;0;1m▀[38;2;0;1;0m[48;2;1;1;0m▀[38;2;0;0;0m[48;2;2;2;1m▀[38;2;0;0;1m[48;2;4;5;2m▀[38;2;0;1;1m[48;2;4;8;2m▀[38;2;9;9;10m[48;2;2;6;1m▀[38;2;18;18;18m[49m▄               [0m
             [38;2;40;98;44m[48;2;19;165;34m▀[38;2;7;29;9m[48;2;19;191;35m▀[38;2;31;94;37m[48;2;29;141;39m▀[49m         [38;2;33;34;33m▄[38;2;1;2;1m[48;2;2;6;2m▀[38;2;5;44;15m▀[38;2;7;52;19m[48;2;11;80;29m▀[38;2;0;0;0m[48;2;2;5;2m▀[48;2;0;0;1m▄[38;2;1;2;1m[48;2;3;14;6m▀[38;2;8;50;15m[48;2;12;106;30m▀[38;2;13;80;23m[48;2;3;10;3m▀[38;2;2;2;1m[48;2;1;2;1m▀[38;2;0;0;1m▀[38;2;1;1;0m[48;2;1;1;1m▀[38;2;1;1;1m▀[48;2;1;2;1m▀[38;2;1;1;0m[48;2;3;6;2m▀[38;2;2;7;2m▄[38;2;1;2;1m▄[38;2;2;3;2m[48;2;1;1;1m▀[38;2;0;0;1m[48;2;1;1;0m▀[48;2;0;1;0m▀[49m               [0m
             [38;2;59;107;63m▀[38;2;21;210;38m[48;2;21;175;33m▀[38;2;56;106;60m[48;2;73;102;74m▀[49m        [38;2;119;120;119m[48;2;113;114;115m▀[38;2;3;6;2m[48;2;3;6;2m▀[38;2;2;5;1m[48;2;2;5;1m▀[38;2;2;6;2m[48;2;3;9;2m▀[38;2;6;39;14m[48;2;3;8;3m▀[38;2;5;29;10m[48;2;6;34;13m▀[38;2;0;0;0m[48;2;1;3;2m▀[38;2;8;48;19m[48;2;5;26;10m▀[38;2;7;37;12m[48;2;2;5;2m▀[38;2;2;4;1m[48;2;1;2;1m▀[38;2;1;1;0m[48;2;3;4;2m▀[48;2;2;3;2m▀[48;2;2;3;1m▀[38;2;1;2;1m[48;2;3;8;2m▀[38;2;2;5;1m▄[38;2;2;6;2m[48;2;1;1;1m▀[38;2;2;2;1m▄[38;2;2;3;1m▄[38;2;3;3;1m▄[38;2;2;2;1m▄[38;2;1;1;0m[48;2;1;1;0m▀[49m               [0m
              [38;2;21;169;31m[48;2;28;54;30m▀[38;2;67;102;68m[49m▀         [38;2;1;2;1m[48;2;1;1;1m▀[38;2;3;9;2m[48;2;1;3;1m▀[38;2;3;6;2m[48;2;3;9;3m▀[38;2;3;10;3m[48;2;3;8;3m▀[38;2;1;1;1m[48;2;1;1;1m▀[38;2;2;7;3m[48;2;3;14;6m▀[48;2;5;9;3m▀[38;2;3;4;2m[48;2;5;7;1m▀[38;2;3;7;2m[48;2;4;8;2m▀[48;2;3;5;2m▄[38;2;2;5;2m[48;2;3;6;2m▀[38;2;4;8;3m[48;2;1;2;1m▀[38;2;2;3;1m[48;2;1;2;0m▀[38;2;1;1;1m[48;2;3;3;1m▀[38;2;2;3;1m▀[38;2;3;3;0m▄[38;2;3;3;1m▀▀▀[38;2;1;1;1m[48;2;1;1;1m▀[49m               [0m
              [38;2;39;39;40m[48;2;50;51;51m▀[49m         [38;2;100;100;100m[48;2;99;100;100m▀[38;2;1;1;1m[48;2;1;1;1m▀[38;2;2;2;1m[48;2;3;3;1m▀[38;2;1;2;1m▀[48;2;3;8;3m▄[38;2;2;4;2m[48;2;3;10;5m▀[38;2;3;11;3m[48;2;2;9;2m▀[38;2;4;9;2m[48;2;2;3;2m▀[38;2;4;7;2m[48;2;1;1;1m▀[38;2;3;5;1m[48;2;1;1;0m▀[38;2;2;3;1m[48;2;2;2;1m▀[38;2;1;2;1m[48;2;3;3;1m▀[38;2;2;2;1m[48;2;2;3;1m▀[38;2;3;3;1m[48;2;3;4;1m▀[38;2;4;6;3m[48;2;4;8;2m▀[38;2;3;3;1m[48;2;3;4;2m▀[38;2;3;3;0m[48;2;3;2;0m▀[48;2;3;3;0m▀[38;2;3;2;0m▀[38;2;3;2;1m[48;2;3;3;1m▀[38;2;1;1;0m[48;2;2;2;1m▀[38;2;48;49;49m[48;2;46;46;46m▀[49m              [0m
              [38;2;64;63;64m[48;2;76;76;77m▀[38;2;116;116;116m[48;2;87;87;87m▀[49m        [38;2;49;49;49m[48;2;1;0;1m▀[38;2;1;1;1m[48;2;1;1;0m▀[38;2;3;3;1m[48;2;3;3;1m▀▀[38;2;2;2;1m[48;2;2;2;1m▀[38;2;2;4;2m[48;2;3;8;4m▀[38;2;1;1;0m[48;2;1;2;1m▀[48;2;2;2;1m▀[38;2;2;2;0m[48;2;2;2;0m▀[38;2;2;3;1m[48;2;3;3;1m▀[38;2;3;3;0m[48;2;3;2;0m▀[38;2;3;3;1m[48;2;3;3;1m▀▀[48;2;3;4;1m▀[38;2;4;8;2m[48;2;5;9;2m▀[38;2;3;4;2m[48;2;3;4;2m▀[38;2;3;2;0m[48;2;3;2;0m▀[48;2;2;2;0m▀[38;2;3;3;1m▀[48;2;3;2;0m▀[38;2;2;2;1m[48;2;2;2;0m▀[38;2;6;6;6m[48;2;0;0;0m▀[49m              [0m
             [38;2;45;75;51m▄[38;2;15;21;17m[48;2;13;55;19m▀[38;2;7;29;12m[48;2;10;51;19m▀[38;2;8;34;14m[48;2;10;55;19m▀[38;2;100;116;104m[49m▄     [38;2;51;50;51m▄[38;2;1;1;0m[48;2;1;1;0m▀[38;2;1;2;0m[48;2;1;2;1m▀[38;2;4;3;1m[48;2;4;4;2m▀[48;2;3;3;1m▄[38;2;2;2;1m[48;2;2;2;0m▀[38;2;3;8;4m[48;2;4;8;4m▀[38;2;1;1;1m[48;2;1;1;1m▀[38;2;2;2;1m[48;2;2;2;1m▀[48;2;3;2;1m▀[38;2;3;2;0m[48;2;3;2;0m▀▀[48;2;2;2;1m▀[38;2;3;3;1m▀[38;2;3;4;2m[48;2;2;3;1m▀[38;2;4;9;3m[48;2;4;9;3m▀[38;2;3;4;2m[48;2;3;4;2m▀[38;2;3;2;0m[48;2;3;3;1m▀[38;2;2;2;0m[48;2;2;2;0m▀[38;2;3;2;0m[48;2;3;2;0m▀▀▀[38;2;0;0;0m[48;2;1;1;0m▀[38;2;113;112;112m[48;2;82;82;82m▀[49m             [0m
             [38;2;74;102;80m[48;2;48;80;55m▀[38;2;6;25;9m[48;2;11;52;19m▀[38;2;5;26;10m[48;2;10;45;17m▀[38;2;6;24;9m[48;2;5;21;7m▀[38;2;96;114;100m[48;2;43;69;48m▀[49m    [38;2;110;110;111m[48;2;106;106;107m▀[38;2;1;1;0m[48;2;0;0;0m▀[48;2;1;1;1m▄[38;2;2;2;1m[48;2;2;2;1m▀[38;2;5;4;2m[48;2;5;4;2m▀[38;2;4;3;1m[48;2;4;3;1m▀[38;2;1;2;0m[48;2;1;2;1m▀[38;2;3;8;4m[48;2;2;7;3m▀[38;2;2;2;1m[48;2;2;2;1m▀[38;2;2;2;0m[48;2;3;2;0m▀[38;2;3;2;1m[48;2;3;2;1m▀[38;2;2;2;0m[48;2;2;2;1m▀[38;2;3;2;1m▀[38;2;2;2;0m[48;2;1;1;0m▀[38;2;1;1;0m▀[38;2;2;2;1m▀[38;2;3;7;3m[48;2;2;4;2m▀[38;2;3;5;2m[48;2;4;9;2m▀[38;2;2;2;1m[48;2;1;1;0m▀[48;2;2;2;0m▀[38;2;3;2;0m[48;2;3;2;1m▀▄[38;2;3;2;1m▀[38;2;1;1;0m[48;2;2;2;1m▀[38;2;1;1;1m[48;2;0;0;1m▀[49m             [0m
             [38;2;78;105;83m[48;2;65;93;71m▀[38;2;9;29;12m[48;2;12;55;20m▀[38;2;7;24;11m[48;2;13;55;21m▀[38;2;5;19;7m[48;2;4;16;6m▀[38;2;11;39;17m[48;2;11;49;18m▀[38;2;10;12;11m[48;2;5;20;7m▀[38;2;52;52;52m[48;2;2;6;1m▀[38;2;8;12;9m[49m▄[38;2;118;119;119m[48;2;15;16;15m▀[38;2;9;9;9m[48;2;1;2;1m▀[38;2;2;8;3m▄[38;2;1;1;0m▀[38;2;2;2;1m[48;2;1;1;1m▀[38;2;5;4;2m[48;2;5;4;2m▀[38;2;4;3;1m[48;2;3;3;1m▀[38;2;2;2;1m[48;2;1;2;1m▀[38;2;3;7;3m[48;2;3;8;4m▀[38;2;1;1;0m[48;2;1;1;0m▀[38;2;3;2;1m[48;2;3;2;1m▀[38;2;3;2;0m[48;2;3;3;1m▀[38;2;2;2;1m[48;2;2;2;0m▀[48;2;1;1;0m▀[38;2;1;1;0m▀[38;2;2;1;0m[48;2;2;1;0m▀[38;2;1;1;1m[48;2;1;1;0m▀[48;2;0;1;0m▄[38;2;4;9;3m[48;2;3;9;3m▀[38;2;1;1;0m[48;2;1;1;1m▀[38;2;2;2;1m[48;2;2;1;1m▀[38;2;3;2;0m[48;2;3;2;1m▀[48;2;2;2;0m▀[48;2;3;2;0m▀[38;2;2;2;1m[48;2;3;2;1m▀[38;2;0;0;0m[48;2;1;1;0m▀[38;2;59;60;60m[49m▄            [0m
             [38;2;106;129;111m▀[38;2;10;38;15m[48;2;12;53;21m▀[38;2;9;33;14m[48;2;11;47;18m▀[38;2;3;15;7m[48;2;7;35;13m▀[38;2;9;44;16m[48;2;7;36;14m▀[38;2;5;20;8m[48;2;4;15;7m▀[38;2;2;4;1m[48;2;3;3;1m▀[38;2;4;6;2m[48;2;4;4;1m▀[48;2;3;10;4m▄[38;2;2;7;3m[48;2;4;11;4m▀[38;2;1;2;1m[48;2;2;4;1m▀[38;2;2;10;3m[48;2;1;4;2m▀[38;2;1;1;1m[48;2;1;1;1m▀[38;2;5;4;2m[48;2;4;4;2m▀[38;2;3;3;1m[48;2;3;3;1m▀[38;2;2;2;1m[48;2;2;3;1m▀[38;2;3;8;4m[48;2;3;8;4m▀[38;2;2;2;0m[48;2;2;2;1m▀[38;2;3;2;1m[48;2;3;3;1m▀▄[38;2;2;2;0m[48;2;3;2;0m▀[48;2;1;1;0m▄[38;2;1;1;0m▀[38;2;2;1;0m[48;2;2;2;1m▀[38;2;1;1;0m[48;2;1;1;1m▀[38;2;0;1;0m[48;2;0;1;0m▀[38;2;3;8;2m[48;2;3;8;2m▀[38;2;2;3;1m[48;2;2;3;1m▀[38;2;1;1;1m[48;2;1;1;1m▀[38;2;2;2;1m[48;2;2;4;2m▀[48;2;3;6;2m▀[38;2;2;2;0m[48;2;3;2;1m▀[38;2;3;2;0m[48;2;3;2;0m▀[38;2;2;2;1m[48;2;2;2;0m▀[38;2;17;18;18m[48;2;1;1;0m▀[49m            [0m
              [38;2;74;75;75m▀[38;2;0;0;0m[48;2;0;0;0m▀[38;2;8;40;16m[48;2;1;3;2m▀[38;2;7;31;13m[48;2;4;14;7m▀[38;2;4;16;8m[48;2;4;16;8m▀[38;2;2;3;1m[48;2;2;3;1m▀[38;2;3;4;1m[48;2;3;3;1m▀[38;2;4;4;2m[48;2;4;4;2m▀[38;2;4;7;3m[48;2;4;5;2m▀[38;2;2;6;2m[48;2;3;8;2m▀[38;2;0;0;1m[48;2;0;0;0m▀[38;2;1;1;1m[48;2;1;1;1m▀[38;2;5;4;2m[48;2;5;4;2m▀[38;2;3;3;1m[48;2;3;3;1m▀[38;2;2;3;1m[48;2;2;3;2m▀[38;2;3;8;3m[48;2;3;8;4m▀[38;2;2;2;1m[48;2;2;2;0m▀[38;2;3;3;1m[48;2;3;2;0m▀[38;2;3;2;1m▄[38;2;2;2;0m[48;2;2;2;0m▀▀[38;2;1;1;0m[48;2;1;1;0m▀▀[38;2;0;1;0m[48;2;0;0;0m▀[48;2;0;1;0m▀[38;2;3;8;2m[48;2;3;8;3m▀[38;2;3;10;3m▄[38;2;1;1;1m[48;2;1;2;1m▀[38;2;1;1;0m▄[38;2;2;4;2m▄[38;2;2;2;1m[48;2;2;4;3m▀[48;2;2;3;2m▀[48;2;3;2;0m▄[38;2;1;1;0m[48;2;1;1;0m▀[38;2;117;117;118m[48;2;79;79;79m▀[49m           [0m
               [38;2;0;0;0m[48;2;0;0;0m▀▀[38;2;1;1;1m[48;2;2;1;0m▀[38;2;2;7;3m[48;2;0;1;0m▀[38;2;2;2;1m[48;2;2;2;1m▀[38;2;2;2;0m[48;2;1;1;0m▀[48;2;3;3;1m▄▄[38;2;3;6;2m[48;2;3;4;2m▀[38;2;0;0;1m[48;2;1;1;1m▀[38;2;2;2;1m▄[38;2;5;4;2m[48;2;5;4;2m▀[38;2;3;3;1m[48;2;3;3;0m▀[38;2;2;3;2m[48;2;2;4;2m▀[38;2;4;7;4m[48;2;3;7;4m▀[38;2;2;2;1m[48;2;2;2;0m▀[38;2;3;3;1m[48;2;3;2;1m▀[48;2;3;3;1m▀[38;2;2;2;1m[48;2;2;2;1m▀[38;2;3;3;3m[48;2;3;4;3m▀[38;2;1;1;0m[48;2;1;1;1m▀[38;2;0;0;0m[48;2;0;0;0m▀[48;2;0;1;0m▀[38;2;0;1;1m[48;2;0;1;1m▀[38;2;3;7;2m[48;2;1;2;1m▀[38;2;3;8;3m[48;2;2;6;2m▀[38;2;1;1;1m[48;2;1;1;1m▀[48;2;4;8;3m▀[38;2;5;13;5m[48;2;1;3;2m▀[38;2;5;14;6m[48;2;1;1;0m▀[38;2;3;7;3m[48;2;1;1;1m▀[38;2;2;2;1m▄[38;2;1;1;0m[48;2;1;1;0m▀[38;2;6;6;6m[48;2;0;0;0m▀[49m           [0m
               [38;2;5;5;5m[48;2;18;18;17m▀[38;2;0;0;0m[48;2;0;0;0m▀[38;2;2;1;0m▀[38;2;1;1;0m▀[38;2;2;1;1m[48;2;2;2;1m▀[38;2;0;0;0m[48;2;0;0;0m▀[38;2;1;1;0m▀[38;2;2;2;1m[48;2;2;1;0m▀[48;2;2;2;1m▀[38;2;0;1;0m[48;2;0;0;0m▀[38;2;2;1;1m[48;2;2;1;1m▀[38;2;3;3;1m[48;2;3;3;1m▀[38;2;2;2;1m[48;2;1;1;1m▀[48;2;2;3;2m▄[38;2;3;7;3m▀[38;2;2;2;0m[48;2;1;1;0m▀[38;2;3;2;1m[48;2;2;2;1m▀[38;2;3;2;0m[48;2;2;2;0m▀[38;2;1;2;1m[48;2;1;1;0m▀[38;2;3;4;2m[48;2;0;1;1m▀[38;2;3;6;3m[48;2;4;10;4m▀[38;2;1;1;1m[48;2;0;0;0m▀[48;2;1;1;1m▀▀[48;2;0;0;0m▀[48;2;1;2;1m▀[38;2;2;7;2m[48;2;3;11;3m▀[38;2;3;8;2m[48;2;1;2;1m▀[38;2;2;2;1m▄[48;2;3;3;1m▀[38;2;3;3;1m▀▀[38;2;2;1;0m[48;2;2;2;0m▀[38;2;1;1;0m[48;2;1;1;0m▀[49m           [0m
               [38;2;30;30;30m[48;2;43;43;43m▀[38;2;0;0;0m[48;2;0;0;0m▀▀▀[38;2;2;2;1m[48;2;2;2;1m▀[38;2;0;0;0m[48;2;0;0;0m▀▀[38;2;1;1;0m▀[48;2;2;2;1m▄[38;2;0;0;0m[48;2;0;0;0m▀[38;2;1;1;0m[48;2;1;1;0m▀[38;2;2;2;1m▀[38;2;1;1;1m[48;2;8;29;11m▀[48;2;12;56;20m▀[48;2;11;57;20m▀[48;2;11;46;17m▀[48;2;1;1;0m▄[48;2;2;2;1m▄[48;2;1;1;0m▄[48;2;1;1;1m▀[38;2;1;3;2m[48;2;1;0;1m▀[38;2;0;0;0m[48;2;1;1;1m▀[38;2;0;1;1m▀[38;2;1;0;1m▄[38;2;0;0;0m▀[38;2;3;9;3m[48;2;3;12;3m▀[38;2;2;6;1m[48;2;1;2;1m▀[38;2;2;2;1m▄[38;2;3;3;1m[48;2;3;2;1m▀[48;2;3;3;1m▀[38;2;3;3;0m[48;2;3;2;0m▀[38;2;3;2;0m▀[38;2;2;2;0m[48;2;1;1;0m▀[38;2;0;0;0m▀[49m           [0m
               [38;2;57;57;56m[48;2;70;70;70m▀[38;2;0;0;0m[48;2;0;0;0m▀▀▀[38;2;2;2;1m[48;2;2;2;1m▀[38;2;0;0;0m[48;2;0;0;0m▀▀▀▀▀[38;2;1;1;1m[48;2;1;1;0m▀[38;2;2;2;2m[48;2;3;3;2m▀[38;2;12;55;19m[48;2;14;56;22m▀[38;2;12;66;22m[48;2;3;9;5m▀[38;2;11;63;20m[48;2;0;0;1m▀[38;2;14;78;24m[48;2;13;66;23m▀[38;2;1;2;2m[48;2;2;2;2m▀[38;2;2;3;3m[48;2;3;3;3m▀[38;2;5;6;4m[48;2;7;10;5m▀[38;2;4;6;4m[48;2;6;10;4m▀[38;2;2;2;1m[48;2;3;3;2m▀[38;2;2;3;2m[48;2;3;5;3m▀[38;2;4;6;4m[48;2;6;10;7m▀[38;2;0;0;0m[48;2;1;1;0m▀[38;2;1;3;1m[48;2;2;5;1m▀[38;2;2;6;2m[48;2;2;3;2m▀[38;2;1;1;1m[48;2;1;1;1m▀[38;2;2;2;0m[48;2;2;2;0m▀[38;2;3;3;0m[48;2;3;3;1m▀[48;2;3;2;0m▀▄[38;2;3;2;1m[48;2;3;2;1m▀[38;2;2;2;0m[48;2;1;1;0m▀[38;2;0;1;0m▄[38;2;94;94;94m[48;2;31;31;31m▀[49m          [0m
               [38;2;83;83;83m[48;2;96;96;96m▀[38;2;0;0;0m[48;2;0;0;0m▀▀▀[38;2;2;1;1m[48;2;2;2;1m▀[38;2;0;0;0m[48;2;0;0;0m▀▀▀▀▀[38;2;1;1;1m[48;2;1;1;1m▀[38;2;3;3;2m[48;2;3;3;2m▀[38;2;14;55;21m[48;2;14;56;21m▀[38;2;10;39;16m[48;2;6;25;10m▀[38;2;0;0;1m[48;2;0;0;0m▀[38;2;14;68;23m[48;2;14;67;23m▀[38;2;2;2;2m[48;2;2;2;2m▀[38;2;3;4;3m[48;2;3;3;3m▀[38;2;7;10;5m[48;2;7;10;5m▀[38;2;6;10;5m[48;2;6;10;5m▀[38;2;2;3;2m[48;2;2;3;2m▀[38;2;3;5;3m[48;2;3;5;3m▀[38;2;6;11;7m[48;2;6;12;7m▀[38;2;1;1;0m[48;2;1;1;0m▀[38;2;2;4;1m[48;2;2;4;2m▀[38;2;1;1;1m[48;2;1;2;1m▀[38;2;2;2;0m[48;2;2;2;0m▀[38;2;3;2;0m[48;2;3;3;0m▀[38;2;3;3;1m[48;2;3;3;1m▀[38;2;3;3;0m▀[38;2;3;3;1m▀[38;2;2;2;1m▀[38;2;2;2;0m[48;2;2;2;0m▀[38;2;0;0;0m[48;2;0;1;0m▀[38;2;32;32;32m[48;2;31;32;32m▀[49m          [0m
               [38;2;110;110;110m[48;2;124;124;124m▀[38;2;0;0;0m[48;2;0;0;0m▀▀▀[38;2;2;2;1m[48;2;2;2;1m▀[38;2;0;0;0m[48;2;0;0;0m▀▀▀▀▀[38;2;2;2;1m[48;2;2;1;0m▀[48;2;2;2;1m▀[38;2;12;54;19m[48;2;10;45;17m▀[38;2;9;37;14m[48;2;18;89;31m▀[38;2;7;30;11m[48;2;18;90;31m▀[38;2;15;74;25m[48;2;14;75;25m▀[38;2;1;2;2m[48;2;0;0;1m▀[38;2;3;3;2m[48;2;1;1;1m▀[38;2;5;7;4m▀[38;2;4;7;4m[48;2;1;2;1m▀[38;2;2;3;2m[48;2;1;1;1m▀[38;2;2;4;3m[48;2;0;0;0m▀[38;2;5;9;5m▀[38;2;1;1;1m[48;2;0;0;1m▀[38;2;3;4;2m[48;2;3;5;2m▀[38;2;1;2;1m[48;2;1;1;1m▀[38;2;3;2;1m[48;2;3;3;1m▀[38;2;3;3;0m[48;2;3;3;0m▀[38;2;3;2;0m▀[38;2;3;3;1m[48;2;3;3;1m▀▀▀[38;2;2;2;0m[48;2;2;2;1m▀[38;2;0;0;0m[48;2;0;1;0m▀[38;2;31;31;31m[48;2;31;31;31m▀[49m          [0m
                [38;2;0;0;0m[48;2;0;0;0m▀▀▀[38;2;2;2;1m[48;2;2;1;1m▀[38;2;0;0;0m[48;2;0;0;0m▀▀▀▀▀[38;2;2;2;1m[48;2;2;2;1m▀▀[38;2;2;6;3m[48;2;5;30;9m▀[38;2;2;6;4m[48;2;6;30;10m▀[38;2;0;1;1m[48;2;2;4;1m▀[38;2;0;0;1m[48;2;1;1;0m▀[38;2;0;1;0m▀[38;2;2;2;1m[48;2;2;2;1m▀[38;2;3;3;1m[48;2;3;3;1m▀[38;2;2;2;1m[48;2;2;2;0m▀[38;2;1;1;0m[48;2;1;1;0m▀[38;2;1;1;1m[48;2;1;1;1m▀▀[48;2;1;2;1m▀[38;2;3;6;2m[48;2;3;6;2m▀[38;2;1;2;1m[48;2;3;3;1m▀[38;2;3;3;1m▀▀[38;2;2;2;0m[48;2;2;2;0m▀[38;2;2;2;1m[48;2;3;3;1m▀▄[38;2;3;3;1m▀[38;2;2;2;0m[48;2;2;2;1m▀[38;2;0;0;0m[48;2;0;0;0m▀[38;2;31;31;31m[48;2;23;23;23m▀[49m          [0m
                [38;2;0;0;0m[48;2;0;0;0m▀▀▀[38;2;2;1;1m[48;2;2;1;1m▀[38;2;0;0;0m[48;2;1;0;0m▀[48;2;0;0;0m▀▀▀[48;2;1;1;0m▀[38;2;2;2;1m[48;2;2;2;1m▀▀[38;2;4;31;9m[48;2;4;32;10m▀[38;2;4;31;10m[48;2;4;32;11m▀[38;2;4;8;3m[48;2;3;4;1m▀[38;2;1;1;0m[48;2;1;2;0m▀[38;2;2;2;0m[48;2;2;1;0m▀[48;2;2;2;0m▀[38;2;3;3;1m[48;2;3;3;1m▀[38;2;2;2;0m[48;2;2;2;1m▀[38;2;1;1;0m[48;2;1;1;0m▀▀[38;2;0;1;1m[48;2;0;1;1m▀[38;2;1;3;1m[48;2;2;5;2m▀[38;2;3;6;2m[48;2;2;5;1m▀[38;2;3;3;1m[48;2;2;2;1m▀▀[38;2;3;2;0m[48;2;2;2;0m▀[38;2;2;2;0m▀▀[48;2;3;2;0m▀[48;2;2;2;0m▀[38;2;2;2;1m[48;2;2;2;1m▀[38;2;0;1;0m[48;2;1;1;0m▀[38;2;1;1;1m[48;2;0;1;1m▀[49m          [0m
                [38;2;0;0;0m[48;2;1;0;0m▀▀[48;2;0;0;0m▀[38;2;1;1;0m[48;2;1;1;0m▀▀[38;2;0;0;0m[48;2;0;0;0m▀▀▀[38;2;1;1;0m[48;2;1;1;0m▀[38;2;3;2;1m[48;2;2;2;1m▀[38;2;2;2;1m▀[38;2;4;32;10m[48;2;4;33;9m▀[38;2;5;31;10m[48;2;5;32;10m▀[38;2;2;4;1m[48;2;2;4;1m▀[38;2;1;2;1m[48;2;1;2;0m▀[38;2;2;2;0m[48;2;2;1;0m▀[38;2;2;2;1m[48;2;2;2;1m▀[38;2;3;2;1m[48;2;3;3;1m▀[48;2;2;2;1m▄[38;2;1;1;0m[48;2;1;1;0m▀[48;2;1;1;1m▀[38;2;0;1;1m[48;2;0;1;1m▀[38;2;3;8;3m[48;2;3;8;3m▀[38;2;2;3;1m[48;2;4;12;4m▀[38;2;1;1;1m[48;2;3;14;5m▀[38;2;1;1;0m[48;2;2;5;2m▀[48;2;1;1;1m▀[38;2;2;2;0m▀[38;2;3;2;0m[48;2;2;2;1m▀[48;2;3;2;0m▀[38;2;2;2;0m[48;2;2;2;1m▀[38;2;2;2;1m▀[38;2;1;1;0m[48;2;1;1;0m▀[38;2;0;1;0m[48;2;0;1;0m▀[49m          [0m
                [38;2;0;0;0m[48;2;1;1;1m▀[38;2;1;1;0m[48;2;7;7;7m▀[38;2;0;0;0m[48;2;0;0;0m▀[38;2;1;1;0m[48;2;1;1;0m▀▀[38;2;0;0;0m[48;2;0;0;0m▀▀[38;2;1;1;1m[48;2;0;1;0m▀[38;2;49;49;48m[49m▀[38;2;2;2;1m[48;2;2;2;1m▀▀[38;2;4;34;9m[48;2;4;35;10m▀[38;2;5;32;11m[48;2;5;33;11m▀[38;2;2;3;1m[48;2;2;3;1m▀[38;2;2;2;1m▀[38;2;1;1;0m[48;2;1;1;0m▀[38;2;2;2;1m[48;2;2;2;1m▀[38;2;3;2;1m[48;2;3;3;1m▀[38;2;3;3;1m▀[38;2;1;1;0m[48;2;2;1;0m▀[48;2;1;1;0m▀[38;2;0;1;1m[48;2;1;1;1m▀[38;2;1;3;2m[48;2;1;3;2m▀[38;2;2;7;2m[48;2;2;5;2m▀[38;2;1;4;2m[48;2;1;2;1m▀[38;2;2;9;4m[48;2;8;34;13m▀[38;2;4;17;8m[48;2;8;39;14m▀[38;2;1;2;1m[48;2;4;16;8m▀[38;2;1;1;0m[48;2;1;1;1m▀[38;2;3;2;1m[48;2;2;2;1m▀[38;2;2;2;0m[48;2;2;2;0m▀[38;2;2;2;1m▀[48;2;1;1;1m▄[38;2;0;1;0m[48;2;1;1;0m▀[38;2;123;123;124m[49m▄         [0m
                [38;2;7;7;7m[48;2;20;20;20m▀[38;2;25;25;25m[48;2;72;72;71m▀[38;2;0;0;0m[48;2;0;0;0m▀[38;2;1;1;0m[48;2;1;1;0m▀▀[38;2;0;0;0m[48;2;0;1;0m▀[38;2;1;1;1m[48;2;1;1;1m▀[38;2;55;55;55m[49m▀ [38;2;3;2;1m[48;2;3;3;1m▀[38;2;2;2;1m[48;2;2;2;1m▀[38;2;4;35;10m[48;2;5;36;11m▀[38;2;5;33;11m[48;2;6;33;11m▀[38;2;2;3;1m[48;2;2;3;1m▀[38;2;3;3;1m[48;2;3;4;1m▀[38;2;1;1;0m[48;2;1;1;0m▀[38;2;2;2;1m[48;2;2;2;1m▀[38;2;3;3;1m[48;2;3;3;1m▀[48;2;3;2;1m▀[38;2;2;2;0m[48;2;2;2;1m▀[38;2;1;1;0m[48;2;1;1;0m▀[38;2;1;1;1m[48;2;1;1;1m▀[38;2;0;0;0m[48;2;0;0;0m▀[38;2;0;0;1m[48;2;1;3;2m▀[38;2;6;20;8m[48;2;11;41;16m▀[38;2;13;57;19m[48;2;15;57;21m▀[38;2;13;52;20m[48;2;16;57;22m▀[38;2;6;33;13m[48;2;12;48;18m▀[38;2;2;7;4m[48;2;4;21;9m▀[38;2;1;1;0m[48;2;0;0;0m▀[38;2;2;2;1m[48;2;2;2;0m▀[48;2;3;2;1m▄[38;2;3;2;1m▀[38;2;1;1;0m[48;2;1;1;0m▀[38;2;123;123;123m[48;2;124;123;124m▀[49m         [0m
                [38;2;34;34;33m[48;2;49;49;49m▀[38;2;104;104;103m[49m▀[38;2;5;5;5m[48;2;34;34;35m▀[38;2;0;0;0m[48;2;0;0;0m▀[48;2;1;0;0m▀[38;2;1;1;1m[48;2;1;1;1m▀[38;2;38;38;38m[49m▀  [38;2;3;3;1m[48;2;3;3;1m▀[38;2;2;2;1m[48;2;2;2;1m▀[38;2;5;37;11m[48;2;4;37;10m▀[38;2;5;34;11m[48;2;5;35;11m▀[38;2;2;2;1m[48;2;2;3;1m▀[38;2;2;4;1m[48;2;3;5;1m▀[38;2;1;1;0m[48;2;1;1;0m▀[38;2;2;2;1m▀[38;2;3;3;1m[48;2;3;3;1m▀[38;2;3;2;1m▀[38;2;3;3;1m▀[38;2;1;1;0m[48;2;1;1;0m▀▀[38;2;0;0;0m[48;2;0;1;0m▀[38;2;5;17;7m[48;2;8;26;10m▀[38;2;15;59;21m[48;2;11;37;14m▀[38;2;15;57;20m[48;2;16;58;22m▀[38;2;17;57;21m[48;2;16;57;22m▀[38;2;17;57;22m[48;2;16;57;21m▀[38;2;6;25;10m[48;2;12;40;16m▀[38;2;0;0;0m[48;2;0;0;0m▀[38;2;1;1;0m▀[38;2;3;2;1m[48;2;2;2;1m▀[38;2;3;3;1m[48;2;3;3;1m▀[38;2;1;1;0m[48;2;1;1;0m▀[38;2;124;123;123m[48;2;124;123;124m▀[49m         [0m
                [38;2;62;62;62m[48;2;75;75;75m▀[38;2;120;120;120m[48;2;106;106;106m▀[38;2;101;102;101m[49m▀[38;2;0;0;0m[48;2;1;1;1m▀[38;2;1;1;1m▀[38;2;49;49;49m[49m▀   [38;2;3;3;1m[48;2;3;3;1m▀[38;2;2;2;1m[48;2;2;2;1m▀[38;2;4;37;11m[48;2;5;38;11m▀[38;2;6;35;11m[48;2;6;36;11m▀[38;2;2;2;1m[48;2;1;2;0m▀[38;2;3;5;1m[48;2;3;5;1m▀[38;2;1;1;0m[48;2;1;1;0m▀▀[38;2;3;2;1m[48;2;3;2;1m▀[38;2;3;3;1m[48;2;3;2;0m▀[48;2;3;2;1m▄[38;2;2;2;0m[48;2;2;2;1m▀[38;2;1;1;0m[48;2;1;1;0m▀[38;2;0;1;0m[48;2;0;0;0m▀[38;2;8;31;12m[48;2;6;26;10m▀[38;2;8;29;11m[48;2;8;32;12m▀[38;2;17;57;22m[48;2;17;58;21m▀[38;2;17;58;23m[48;2;16;52;20m▀[38;2;17;58;22m[48;2;16;55;20m▀[38;2;12;42;16m[48;2;12;40;16m▀[38;2;0;0;0m[48;2;0;0;0m▀▀[38;2;1;1;1m[48;2;1;1;0m▀[38;2;3;2;1m[48;2;2;2;1m▀[38;2;1;1;0m[48;2;1;1;0m▀[38;2;123;123;124m[48;2;124;123;124m▀[49m         [0m
                [38;2;89;89;89m[48;2;104;104;104m▀[38;2;93;93;93m[48;2;78;79;79m▀[49m [38;2;9;10;9m▀[38;2;71;71;71m▀   [38;2;113;113;113m[48;2;55;55;54m▀[38;2;3;3;1m[48;2;3;3;1m▀[38;2;2;2;1m[48;2;2;2;0m▀[38;2;4;39;10m[48;2;5;39;11m▀[38;2;6;36;11m[48;2;5;37;11m▀[38;2;2;2;0m[48;2;1;1;0m▀[38;2;3;5;1m[48;2;3;5;2m▀[38;2;1;1;0m[48;2;1;1;0m▀[38;2;1;2;1m[48;2;2;2;1m▀[38;2;3;2;1m[48;2;3;2;1m▀[38;2;3;2;0m[48;2;3;2;0m▀[38;2;3;2;1m▀▀[38;2;1;1;0m[48;2;2;2;0m▀[38;2;0;0;0m[48;2;0;0;0m▀[38;2;9;39;15m[48;2;0;1;0m▀[38;2;6;22;9m[48;2;7;25;10m▀[38;2;14;50;19m[48;2;12;47;17m▀[38;2;12;41;17m[48;2;12;42;16m▀[38;2;9;34;13m[48;2;8;31;12m▀[38;2;73;84;74m[49m▀[38;2;24;24;24m▀[38;2;0;0;0m[48;2;0;0;1m▀[48;2;1;1;0m▀[38;2;2;1;1m▀[38;2;1;1;0m▀[38;2;124;124;124m[48;2;124;124;124m▀[49m         [0m
                [38;2;117;118;118m▀[38;2;65;65;65m[48;2;51;51;51m▀[49m      [38;2;52;52;52m[48;2;50;50;50m▀[38;2;3;3;1m[48;2;3;3;2m▀[38;2;1;1;0m[48;2;1;1;1m▀[38;2;5;39;11m[48;2;7;55;16m▀[38;2;6;37;12m[48;2;6;37;12m▀[38;2;1;1;0m[48;2;2;1;0m▀[38;2;3;6;2m[48;2;3;6;1m▀[38;2;1;1;0m[48;2;1;1;0m▀[38;2;2;2;1m[48;2;2;2;1m▀[38;2;3;2;1m[48;2;3;2;1m▀[38;2;3;2;0m[48;2;3;2;0m▀▀[48;2;3;3;0m▀[48;2;2;2;1m▄[38;2;1;1;0m[48;2;1;1;0m▀[38;2;0;0;0m▀[48;2;8;39;14m▄[48;2;9;31;12m▄[38;2;9;32;12m[48;2;1;0;1m▀[38;2;67;75;69m[48;2;92;92;92m▀[49m  [38;2;83;84;84m▀[38;2;0;0;0m[48;2;7;7;7m▀[48;2;1;1;1m▀[38;2;1;1;0m▄[38;2;123;123;123m[48;2;123;123;124m▀[49m         [0m
                 [38;2;38;38;38m[48;2;23;23;23m▀[49m      [38;2;49;49;48m[48;2;47;47;46m▀[38;2;3;3;1m[48;2;3;3;2m▀[38;2;1;1;1m[48;2;1;1;1m▀[38;2;7;63;18m[48;2;6;63;17m▀[38;2;6;37;11m[48;2;6;37;11m▀[38;2;1;1;0m[48;2;2;1;1m▀[38;2;3;5;1m[48;2;3;5;1m▀[38;2;1;1;0m[48;2;2;2;0m▀[38;2;2;2;1m[48;2;1;2;1m▀[48;2;3;2;1m▀[38;2;3;2;0m[48;2;3;2;0m▀▀▀[48;2;3;2;1m▀[38;2;2;2;1m[48;2;2;2;1m▀[38;2;0;0;0m[48;2;1;1;0m▀[48;2;0;0;0m▀▀[38;2;1;1;0m[48;2;1;1;1m▀[38;2;54;54;54m[48;2;7;7;7m▀[49m    [38;2;8;8;8m[48;2;114;114;114m▀[38;2;0;0;0m[48;2;3;3;3m▀[38;2;124;123;124m[48;2;123;123;123m▀[49m         [0m
                 [38;2;10;9;10m[48;2;1;1;1m▀[49m      [38;2;36;36;35m[48;2;2;1;1m▀[38;2;3;3;2m[48;2;3;3;2m▀[38;2;1;1;1m[48;2;1;1;1m▀[38;2;6;64;17m[48;2;6;64;16m▀[38;2;5;38;12m[48;2;5;39;12m▀[38;2;2;2;1m[48;2;2;2;1m▀[38;2;3;4;1m[48;2;3;3;1m▀[38;2;2;2;1m[48;2;2;2;1m▀[48;2;1;1;0m▀[48;2;3;2;1m▄[38;2;2;2;0m[48;2;2;2;0m▀[38;2;3;2;0m[48;2;3;2;0m▀[38;2;3;3;0m▀[38;2;3;2;0m▀[38;2;2;2;1m[48;2;2;2;0m▀[38;2;1;1;0m[48;2;1;1;0m▀[38;2;0;0;0m[48;2;0;0;0m▀▀[38;2;1;1;0m[48;2;1;1;0m▀[38;2;6;6;6m[48;2;2;2;2m▀[49m                [0m
                 [38;2;0;1;0m[48;2;0;0;0m▀[49m      [38;2;2;1;0m[48;2;1;1;1m▀[38;2;3;3;1m[48;2;3;3;1m▀[38;2;1;1;0m[48;2;1;1;0m▀[38;2;6;65;17m[48;2;7;66;16m▀[38;2;6;39;12m[48;2;6;40;12m▀[38;2;2;2;1m[48;2;2;2;1m▀[38;2;3;3;1m[48;2;3;3;1m▀▀[38;2;1;1;0m[48;2;1;1;0m▀[38;2;2;2;1m[48;2;2;2;0m▀[38;2;3;3;1m[48;2;3;3;1m▀[38;2;3;2;0m[48;2;3;2;0m▀▀▀▀[38;2;2;2;0m[48;2;3;2;1m▀[38;2;0;0;0m[48;2;1;1;0m▀[48;2;0;0;0m▀[38;2;1;1;0m▀[38;2;0;0;0m▀[49m                [0m
                 [38;2;0;1;0m[48;2;5;5;5m▀[49m      [38;2;1;1;0m[48;2;1;1;0m▀[38;2;3;3;1m[48;2;3;3;1m▀[38;2;1;1;0m[48;2;0;1;0m▀[38;2;6;66;16m[48;2;6;66;16m▀[38;2;5;40;12m[48;2;5;41;12m▀[38;2;2;2;1m[48;2;1;2;1m▀[38;2;3;3;1m[48;2;2;2;0m▀[48;2;3;3;1m▀[38;2;1;1;0m[48;2;1;1;0m▀[38;2;2;2;0m[48;2;2;2;1m▀[38;2;3;3;1m[48;2;3;3;1m▀[38;2;3;3;0m[48;2;3;3;0m▀[38;2;3;2;0m[48;2;2;2;0m▀[48;2;3;3;0m▄[48;2;3;2;0m▀[38;2;3;2;1m[48;2;3;3;1m▀[38;2;1;1;0m[48;2;3;2;0m▀[48;2;1;1;0m▀[48;2;1;1;1m▀[38;2;0;0;0m▀[38;2;99;99;99m[48;2;83;84;84m▀[49m               [0m
                 [38;2;18;18;18m[48;2;33;33;33m▀[49m     [38;2;104;104;104m▄[38;2;1;1;0m[48;2;1;1;1m▀[38;2;3;3;2m[48;2;3;3;1m▀[38;2;1;1;0m[48;2;1;1;0m▀[38;2;7;65;17m[48;2;6;66;17m▀[38;2;5;41;12m[48;2;5;42;12m▀[38;2;1;1;0m[48;2;1;1;1m▀[38;2;2;2;0m[48;2;2;2;0m▀[38;2;4;4;1m[48;2;4;4;1m▀[38;2;1;1;0m[48;2;2;2;0m▀[38;2;2;2;1m[48;2;2;2;1m▀[38;2;3;3;1m[48;2;3;3;1m▀[38;2;3;3;0m[48;2;3;3;0m▀[38;2;2;2;0m[48;2;2;2;0m▀[38;2;3;2;0m[48;2;3;2;0m▀▀[38;2;3;3;1m[48;2;3;2;1m▀[38;2;3;2;0m[48;2;3;3;0m▀[38;2;2;2;1m[48;2;3;2;1m▀[48;2;1;1;0m▄▄[38;2;1;1;1m[48;2;1;1;1m▀[49m               [0m
                 [38;2;47;47;47m[48;2;61;61;60m▀[38;2;127;126;127m[49m▄    [38;2;101;101;101m[48;2;98;98;97m▀[38;2;2;1;1m[48;2;2;2;1m▀[38;2;3;3;1m[48;2;3;2;1m▀[38;2;1;1;0m[48;2;1;1;0m▀[38;2;6;67;16m[48;2;6;68;17m▀[38;2;5;42;12m[48;2;5;43;12m▀[38;2;1;1;0m[48;2;1;1;0m▀[38;2;2;2;0m[48;2;2;2;0m▀[38;2;4;4;1m[48;2;4;4;1m▀[38;2;2;2;1m[48;2;2;2;1m▀▀[38;2;3;3;1m[48;2;3;2;1m▀[48;2;3;3;1m▀[38;2;3;2;0m[48;2;3;2;1m▀[48;2;3;3;1m▀[48;2;3;2;1m▄[38;2;3;2;1m▀[38;2;3;2;0m▀[38;2;3;2;1m▀[38;2;3;2;0m[48;2;3;3;1m▀[38;2;3;2;1m[48;2;3;2;1m▀[38;2;1;1;1m[48;2;1;1;1m▀[49m               [0m
                 [38;2;74;75;74m[48;2;89;89;89m▀[38;2;113;113;113m[48;2;99;99;99m▀[49m    [38;2;94;94;94m[48;2;90;90;90m▀[38;2;2;1;0m[48;2;1;1;0m▀[38;2;3;2;1m▀[38;2;1;1;1m[48;2;1;1;1m▀[38;2;6;68;16m[48;2;6;67;17m▀[38;2;5;44;12m[48;2;5;43;12m▀[38;2;1;1;0m[48;2;1;1;1m▀[48;2;2;2;0m▄[48;2;4;3;1m▄[48;2;2;2;1m▄[38;2;2;2;0m[48;2;1;1;1m▀[38;2;3;2;1m[48;2;1;1;0m▀[38;2;3;3;1m[48;2;1;1;1m▀[48;2;1;2;1m▀[48;2;1;1;0m▀▀▀▀[48;2;2;1;1m▀[48;2;1;1;0m▀▀[38;2;0;1;0m▀[49m               [0m
                  [38;2;130;130;130m▀     [38;2;65;65;65m▀▀[38;2;64;65;65m▀[38;2;69;113;76m▀[38;2;67;97;72m▀[38;2;65;65;65m▀▀[38;2;65;66;66m▀[38;2;65;65;65m▀▀▀▀▀▀[38;2;64;65;65m▀[38;2;65;65;65m▀[38;2;64;65;64m▀[38;2;64;65;65m▀▀[38;2;65;65;65m▀[38;2;64;64;64m▀               [0m
                                                            [0m