                                                            [0m
                                                            [0m
                                                            [0m
                            [38;2;236;237;229m▄[38;2;200;193;170m[48;2;181;162;120m▀[38;2;146;118;61m[48;2;177;139;60m▀[38;2;165;133;64m[49m▄                            [0m
                           [38;2;180;180;175m[48;2;220;221;216m▀[38;2;249;249;240m[48;2;154;155;158m▀[38;2;168;144;95m[48;2;176;150;97m▀[38;2;190;151;63m[48;2;101;97;96m▀[38;2;217;204;160m[48;2;193;175;129m▀[38;2;140;118;68m[48;2;154;124;66m▀[49m                           [0m
                          [38;2;124;124;122m[48;2;135;135;132m▀[38;2;185;186;187m[48;2;197;198;196m▀[38;2;214;214;210m[48;2;251;250;240m▀[38;2;180;154;96m[48;2;182;159;106m▀[38;2;185;156;75m[48;2;236;217;160m▀[38;2;129;110;74m[48;2;162;133;79m▀[38;2;131;108;67m[48;2;160;128;64m▀[38;2;59;53;49m[48;2;105;90;70m▀[49m                          [0m
                          [38;2;135;135;131m[48;2;123;124;123m▀[38;2;250;249;240m[48;2;42;49;82m▀[38;2;251;250;239m[48;2;111;115;135m▀[38;2;192;172;126m[48;2;115;106;96m▀[38;2;246;246;240m[48;2;26;36;72m▀[38;2;179;151;94m[48;2;29;34;63m▀[38;2;164;129;66m[48;2;152;122;68m▀[38;2;112;94;68m[48;2;114;95;69m▀[49m                          [0m
                          [38;2;126;127;124m[48;2;132;133;129m▀[38;2;68;75;103m[48;2;250;250;240m▀[38;2;7;18;63m[48;2;163;167;172m▀[38;2;4;16;61m[48;2;81;73;68m▀[38;2;24;30;64m[48;2;156;126;66m▀[38;2;68;62;63m[48;2;157;125;68m▀[38;2;153;122;68m[48;2;152;121;68m▀[38;2;115;95;69m[48;2;115;96;71m▀[49m                          [0m
                           [38;2;237;238;231m[48;2;210;210;209m▀[38;2;246;246;238m[48;2;180;182;182m▀[38;2;181;153;97m[48;2;182;153;100m▀[38;2;98;83;63m[48;2;18;28;64m▀[38;2;122;100;66m[48;2;118;97;66m▀[38;2;152;122;69m[48;2;151;122;69m▀[38;2;65;59;60m[48;2;60;52;48m▀[49m                          [0m
                         [38;2;5;13;39m▄[38;2;5;13;44m▄[38;2;210;211;210m[48;2;209;210;211m▀[38;2;173;175;175m[48;2;173;175;175m▀[38;2;182;153;99m[48;2;182;153;99m▀[38;2;19;28;64m[48;2;38;42;63m▀[38;2;117;97;66m[48;2;133;108;67m▀[38;2;144;117;69m[48;2;88;78;66m▀[49m  [38;2;45;56;88m▄[38;2;62;62;73m▄[38;2;15;19;37m▄                      [0m
                        [38;2;156;147;115m▄[38;2;120;124;135m[48;2;59;68;98m▀[38;2;59;62;71m[48;2;5;16;58m▀[38;2;144;147;153m[48;2;34;43;77m▀[38;2;218;219;215m[48;2;218;220;218m▀[38;2;182;153;100m[48;2;182;154;98m▀[38;2;101;87;65m[48;2;102;86;66m▀[38;2;101;86;70m[48;2;8;21;64m▀[38;2;6;20;64m[48;2;28;35;64m▀[38;2;4;14;47m[48;2;40;50;89m▀[38;2;99;108;129m[48;2;220;215;190m▀[38;2;212;202;168m[48;2;224;194;110m▀[38;2;162;132;64m[48;2;218;187;106m▀[38;2;36;38;51m[48;2;150;124;62m▀[38;2;25;27;45m[49m▄                     [0m
                      [38;2;146;146;143m▄[38;2;210;211;206m[48;2;250;250;238m▀[38;2;239;223;170m[48;2;239;222;169m▀[38;2;39;51;86m[48;2;40;51;87m▀[38;2;20;30;67m[48;2;109;115;132m▀[38;2;36;43;79m[48;2;99;103;124m▀[38;2;84;88;109m[48;2;79;81;106m▀[38;2;86;80;79m[48;2;6;17;64m▀[38;2;14;24;63m[48;2;65;74;103m▀[38;2;59;57;64m[48;2;190;170;118m▀[38;2;121;102;69m[48;2;72;66;69m▀[38;2;178;182;187m[48;2;234;225;186m▀[38;2;227;200;124m[48;2;231;211;150m▀[38;2;244;239;213m[48;2;249;250;238m▀[38;2;242;236;210m[48;2;250;250;237m▀[38;2;202;169;92m[48;2;235;227;195m▀[38;2;153;123;65m[48;2;192;159;89m▀[38;2;111;89;54m[49m▄                    [0m
                     [38;2;196;197;190m▄[38;2;248;248;238m[48;2;249;249;237m▀[38;2;250;250;238m▀[38;2;240;223;170m[48;2;239;223;170m▀[38;2;77;85;105m[48;2;108;115;136m▀[38;2;133;136;146m[48;2;111;116;132m▀[38;2;203;205;202m[48;2;221;222;219m▀[38;2;134;137;151m[48;2;246;246;235m▀[38;2;141;147;157m[48;2;206;207;206m▀[38;2;201;203;204m[48;2;78;84;110m▀[38;2;91;95;113m[48;2;87;94;118m▀[38;2;101;109;131m[48;2;166;169;178m▀[38;2;227;205;136m[48;2;230;211;152m▀[38;2;246;242;220m[48;2;250;250;238m▀[38;2;249;248;237m[48;2;250;249;238m▀[38;2;250;250;238m▄[38;2;249;249;239m[48;2;165;150;118m▀[38;2;201;189;156m[48;2;99;78;47m▀[38;2;145;117;65m[48;2;86;74;58m▀[38;2;84;74;64m[49m▄                   [0m
                    [38;2;102;104;115m▄[38;2;215;214;206m[48;2;250;250;239m▀[38;2;249;248;237m[48;2;250;249;237m▀[38;2;250;249;238m[48;2;247;245;227m▀[38;2;239;223;169m[48;2;238;220;157m▀[38;2;115;123;142m[48;2;116;122;142m▀[38;2;227;228;223m[48;2;250;250;240m▀[38;2;59;65;95m[48;2;217;217;213m▀[38;2;61;67;98m[48;2;208;210;206m▀[38;2;37;45;80m[48;2;230;230;224m▀[38;2;160;163;172m[48;2;251;250;239m▀[38;2;198;199;199m[48;2;198;199;199m▀[38;2;171;175;179m[48;2;172;175;178m▀[38;2;233;218;169m[48;2;236;222;179m▀[38;2;250;250;238m[48;2;250;250;239m▀[38;2;242;240;226m[48;2;191;176;138m▀[38;2;169;151;110m[48;2;137;111;58m▀[38;2;134;104;45m[48;2;216;199;153m▀[38;2;165;132;60m[48;2;202;162;68m▀[38;2;160;126;59m[48;2;173;136;57m▀[38;2;71;64;59m[48;2;129;104;59m▀[49m                   [0m
                    [38;2;72;81;105m▀[38;2;226;228;221m[48;2;71;78;96m▀[38;2;245;236;203m[48;2;233;197;80m▀[38;2;238;218;147m[48;2;234;198;84m▀[38;2;227;206;133m[48;2;159;157;151m▀[38;2;105;112;133m[48;2;128;133;148m▀[38;2;250;249;239m[48;2;250;249;239m▀[38;2;249;248;234m[48;2;241;230;181m▀[38;2;250;250;237m[48;2;249;249;238m▀[38;2;250;249;237m[48;2;249;248;237m▀[38;2;249;248;236m▀[38;2;206;208;205m[48;2;248;246;234m▀[38;2;102;108;128m[48;2;59;62;75m▀[38;2;221;195;121m[48;2;174;173;167m▀[38;2;218;199;143m[48;2;201;190;158m▀[38;2;168;140;75m[48;2;142;145;156m▀[38;2;209;205;190m[48;2;75;82;112m▀[38;2;157;156;155m[48;2;52;61;96m▀[38;2;85;75;70m[48;2;137;143;157m▀[38;2;74;66;63m[48;2;108;115;137m▀[38;2;56;55;66m[48;2;58;69;102m▀[38;2;30;41;83m[49m▄[38;2;4;12;41m▄                 [0m
                    [38;2;74;77;85m▄[38;2;192;192;180m[48;2;247;246;236m▀[38;2;233;197;86m[48;2;242;236;210m▀[38;2;218;212;186m[48;2;97;104;127m▀[38;2;64;73;103m[48;2;81;91;117m▀[38;2;224;225;219m[48;2;249;249;239m▀[38;2;247;244;220m[48;2;244;225;158m▀[38;2;240;221;152m[48;2;236;198;72m▀[38;2;241;226;165m[48;2;241;219;139m▀[38;2;249;249;238m[48;2;249;249;237m▀[38;2;250;249;238m[48;2;240;229;190m▀[38;2;235;223;175m[48;2;224;195;112m▀[38;2;142;119;64m[48;2;33;41;74m▀[38;2;34;44;84m[48;2;63;73;105m▀[38;2;37;47;86m[48;2;175;179;184m▀[38;2;77;85;114m[48;2;236;237;229m▀[38;2;141;146;160m[48;2;249;250;238m▀[38;2;247;248;239m[48;2;246;245;232m▀[38;2;249;249;237m[48;2;225;210;186m▀[38;2;193;195;197m[48;2;177;165;154m▀[38;2;99;106;130m[48;2;99;95;112m▀[38;2;98;104;127m[48;2;100;107;131m▀[38;2;63;73;105m[48;2;102;108;130m▀[38;2;13;23;64m[48;2;86;93;119m▀[38;2;27;40;80m[49m▄[38;2;7;17;53m▄              [0m
                    [38;2;19;24;48m▀[38;2;55;63;97m▀[38;2;71;78;109m[48;2;68;66;68m▀[38;2;11;24;67m[48;2;6;23;68m▀[38;2;91;101;125m[48;2;91;101;125m▀[38;2;250;248;238m[48;2;250;249;238m▀[38;2;248;247;229m[48;2;250;250;236m▀[38;2;241;227;170m[48;2;235;209;129m▀[38;2;249;249;231m[48;2;237;213;139m▀[38;2;242;234;198m[48;2;231;198;107m▀[38;2;227;187;80m[48;2;225;184;79m▀[38;2;223;184;82m[48;2;205;163;70m▀[38;2;81;88;111m[48;2;78;85;110m▀[38;2;250;250;239m[48;2;246;244;232m▀[38;2;250;249;238m[48;2;207;178;141m▀[38;2;242;239;225m[48;2;190;135;67m▀[38;2;212;189;155m[48;2;200;133;42m▀[38;2;181;127;66m[48;2;223;157;52m▀[38;2;190;124;40m[48;2;236;168;54m▀[38;2;162;96;31m[48;2;219;169;64m▀[38;2;111;50;19m[48;2;131;71;22m▀[38;2;105;62;50m[48;2;116;51;18m▀[38;2;104;95;106m[48;2;110;49;22m▀[38;2;102;108;129m[48;2;102;69;63m▀[38;2;100;106;129m[48;2;101;105;128m▀[38;2;44;53;85m[48;2;46;56;87m▀[49m              [0m
                      [38;2;186;177;134m[48;2;235;226;183m▀[38;2;21;32;64m[48;2;129;108;62m▀[38;2;92;101;124m[48;2;94;102;125m▀[38;2;250;249;238m[48;2;249;244;221m▀[38;2;248;242;213m[48;2;247;238;202m▀[38;2;234;201;111m[48;2;234;201;113m▀[38;2;230;189;81m[48;2;230;189;84m▀[38;2;230;188;81m[48;2;217;175;74m▀[38;2;213;171;71m[48;2;190;145;56m▀[38;2;184;142;58m[48;2;186;143;57m▀[38;2;78;86;110m[48;2;79;86;110m▀[38;2;241;236;221m[48;2;241;236;220m▀[38;2;196;130;42m[48;2;208;147;61m▀[38;2;235;182;83m[48;2;249;248;233m▀[38;2;237;172;59m[48;2;237;194;109m▀[38;2;236;178;78m[48;2;236;175;71m▀[38;2;236;166;54m[48;2;237;169;59m▀[38;2;244;221;106m[48;2;219;166;61m▀[38;2;157;103;33m[48;2;136;77;29m▀[38;2;121;55;21m[48;2;125;61;25m▀[38;2;120;53;20m[48;2;129;68;20m▀[38;2;115;53;18m[48;2;182;136;16m▀[38;2;104;75;71m[48;2;105;76;69m▀[38;2;47;56;87m[48;2;47;56;88m▀[49m              [0m
                    [38;2;194;194;188m[48;2;246;246;236m▀[38;2;57;63;78m[48;2;201;204;203m▀[38;2;120;118;111m[48;2;20;32;75m▀[38;2;151;123;68m[48;2;33;40;66m▀[38;2;69;75;95m[48;2;31;42;76m▀[38;2;247;239;204m[48;2;229;222;193m▀[38;2;247;238;204m[48;2;247;238;203m▀[38;2;236;209;134m[48;2;237;212;139m▀[38;2;230;188;85m[48;2;214;171;73m▀[38;2;207;165;67m[48;2;191;145;56m▀[38;2;189;144;54m[48;2;188;144;56m▀[38;2;187;143;56m[48;2;156;121;56m▀[38;2;78;85;110m[48;2;76;84;110m▀[38;2;241;236;222m[48;2;241;236;222m▀[38;2;208;146;56m[48;2;209;144;51m▀[38;2;245;232;196m[48;2;238;178;69m▀[38;2;238;183;77m[48;2;240;192;99m▀[38;2;238;191;100m[48;2;240;186;81m▀[38;2;237;177;69m[48;2;239;195;96m▀[38;2;207;143;56m[48;2;239;222;185m▀[38;2;144;83;33m[48;2;187;132;74m▀[38;2;134;71;31m[48;2;154;91;37m▀[38;2;132;71;23m[48;2;132;70;29m▀[38;2;177;131;15m[48;2;125;59;23m▀[38;2;106;76;70m[48;2;108;77;71m▀[38;2;47;56;88m[48;2;48;57;88m▀[49m              [0m
                   [38;2;150;150;146m[48;2;97;99;104m▀[38;2;244;242;226m[48;2;118;109;86m▀[38;2;221;202;143m[48;2;185;138;31m▀[38;2;29;40;76m[48;2;89;76;60m▀[38;2;7;21;67m[48;2;112;93;63m▀[38;2;7;22;67m[48;2;26;35;67m▀[38;2;201;197;177m[48;2;148;148;146m▀[38;2;247;238;202m[48;2;247;238;203m▀[38;2;235;211;140m[48;2;221;196;133m▀[38;2;192;148;56m[48;2;191;146;55m▀[38;2;190;144;57m[48;2;190;145;55m▀[38;2;177;136;55m[48;2;148;114;51m▀[38;2;125;98;52m[48;2;125;98;52m▀[38;2;76;84;110m[48;2;75;84;110m▀[38;2;242;236;222m[48;2;242;236;222m▀[38;2;210;144;53m[48;2;210;145;53m▀[38;2;238;177;67m[48;2;239;194;101m▀[38;2;240;189;89m[48;2;242;188;83m▀[38;2;241;203;115m[48;2;242;202;106m▀[38;2;243;197;90m[48;2;247;216;118m▀[38;2;248;242;218m[48;2;249;246;220m▀[38;2;213;166;93m[48;2;242;213;115m▀[38;2;179;115;46m[48;2;203;143;58m▀[38;2;148;85;36m[48;2;166;104;41m▀[38;2;130;66;27m[48;2;136;73;30m▀[38;2;111;79;72m[48;2;115;82;73m▀[38;2;47;56;87m[48;2;48;56;86m▀[49m              [0m
                   [38;2;64;64;68m[48;2;99;102;112m▀[38;2;231;210;137m[48;2;117;123;139m▀[38;2;183;148;48m[48;2;33;39;65m▀[38;2;103;86;62m[48;2;74;66;66m▀[38;2;161;127;64m[48;2;161;127;65m▀[38;2;73;66;66m[48;2;105;89;63m▀[38;2;109;114;125m[48;2;63;64;89m▀[38;2;247;238;203m[48;2;215;198;169m▀[38;2;218;194;134m[48;2;195;164;118m▀[38;2;190;145;56m[48;2;171;123;55m▀[38;2;172;130;53m[48;2;147;105;50m▀[38;2;134;106;52m[48;2;113;83;50m▀[38;2;119;95;53m[48;2;106;80;53m▀[38;2;76;84;111m[48;2;75;84;111m▀[38;2;243;237;223m[48;2;242;237;224m▀[38;2;210;147;56m[48;2;211;148;57m▀[38;2;238;185;80m[48;2;240;187;83m▀[38;2;241;205;120m[48;2;242;208;119m▀[38;2;247;213;110m[48;2;249;230;135m▀[38;2;248;236;157m[48;2;249;246;214m▀[38;2;249;250;244m[48;2;250;250;247m▀[38;2;248;242;189m[48;2;249;248;229m▀[38;2;229;188;80m[48;2;246;228;136m▀[38;2;180;116;47m[48;2;207;154;75m▀[38;2;146;83;34m[48;2;156;96;42m▀[38;2;120;87;74m[48;2;129;94;78m▀[38;2;50;57;87m[48;2;53;59;87m▀[49m              [0m
                   [38;2;12;18;47m▀[38;2;74;81;108m[48;2;230;231;223m▀[38;2;129;117;86m[48;2;221;193;116m▀[38;2;48;50;67m[48;2;154;127;65m▀[38;2;88;77;67m[48;2;39;44;68m▀[38;2;54;51;56m[48;2;13;18;40m▀[38;2;90;51;52m[48;2;91;51;51m▀[38;2;122;61;48m[48;2;120;63;49m▀[38;2;120;62;49m[48;2;119;62;49m▀[48;2;119;63;50m▀[48;2;120;63;50m▀[38;2;76;34;48m[48;2;76;34;50m▀[38;2;77;34;51m[48;2;75;34;52m▀[38;2;71;79;110m[48;2;43;52;89m▀[38;2;242;237;224m[48;2;242;238;224m▀[38;2;212;149;58m[48;2;212;150;59m▀[38;2;239;190;91m[48;2;239;191;92m▀[38;2;248;246;223m[48;2;249;248;237m▀[38;2;249;242;198m[48;2;250;250;245m▀[38;2;250;250;247m[48;2;251;250;248m▀[48;2;250;250;247m▀▀[38;2;249;243;200m[48;2;251;251;246m▀[38;2;247;232;177m[48;2;248;239;206m▀[38;2;167;112;58m[48;2;170;113;60m▀[38;2;132;98;80m[48;2;133;99;81m▀[38;2;54;61;87m[48;2;54;61;87m▀[49m              [0m
                    [38;2;251;251;241m[48;2;248;246;233m▀[38;2;215;182;95m[48;2;206;168;73m▀[38;2;172;138;65m[48;2;166;134;68m▀[38;2;106;91;67m[48;2;62;54;45m▀[38;2;25;26;29m[48;2;125;126;121m▀[38;2;187;175;154m[48;2;242;228;175m▀[38;2;89;69;50m[48;2;49;52;61m▀[38;2;44;34;60m[48;2;75;73;83m▀[38;2;44;35;62m[48;2;40;46;74m▀[38;2;80;61;58m[48;2;37;45;63m▀[38;2;143;107;55m[48;2;201;169;65m▀[38;2;127;94;65m[48;2;157;129;80m▀[38;2;62;66;89m[48;2;72;75;90m▀[38;2;242;238;224m[48;2;242;237;224m▀[38;2;211;150;60m[48;2;210;149;60m▀[38;2;239;190;92m[48;2;239;184;79m▀[38;2;247;244;211m[48;2;243;210;125m▀[38;2;248;237;173m[48;2;248;228;131m▀[38;2;250;250;248m[48;2;250;249;228m▀[38;2;251;250;247m[48;2;250;251;247m▀[38;2;250;250;248m[48;2;249;250;232m▀[38;2;248;241;192m[48;2;247;231;134m▀[38;2;247;224;159m[48;2;213;158;85m▀[38;2;171;114;61m[48;2;160;100;44m▀[38;2;135;105;89m[48;2;139;118;107m▀[38;2;45;52;77m[48;2;22;27;50m▀[49m              [0m
                    [38;2;242;236;211m[48;2;241;230;178m▀[38;2;202;161;66m[48;2;234;198;52m▀[38;2;156;126;72m[48;2;130;101;55m▀[38;2;57;54;52m[48;2;110;94;49m▀[38;2;228;229;219m[48;2;203;171;75m▀[38;2;206;185;114m[48;2;141;118;57m▀[38;2;20;30;67m[48;2;47;51;74m▀[38;2;61;62;79m[48;2;112;99;89m▀[38;2;108;96;91m[48;2;60;61;82m▀[38;2;37;43;72m[48;2;28;38;71m▀[38;2;227;200;94m[48;2;193;161;47m▀[38;2;164;142;96m[48;2;193;160;50m▀[38;2;67;70;87m[48;2;87;81;59m▀[38;2;238;236;227m[48;2;211;213;212m▀[38;2;208;149;66m[48;2;210;157;84m▀[38;2;239;178;69m[48;2;238;175;65m▀[38;2;243;193;86m[48;2;240;182;77m▀[38;2;248;219;111m[48;2;245;206;99m▀[38;2;248;238;155m[48;2;248;226;122m▀[38;2;251;251;245m[48;2;251;249;234m▀[38;2;248;242;174m[48;2;249;231;138m▀[38;2;237;202;89m[48;2;220;167;70m▀[38;2;189;120;49m[48;2;174;107;43m▀[38;2;150;88;34m[48;2;143;80;31m▀[38;2;138;118;109m[48;2;131;117;114m▀[38;2;21;28;50m[49m▀              [0m
                   [38;2;180;180;175m[48;2;186;188;191m▀[38;2;245;228;142m[48;2;131;126;93m▀[38;2;242;222;164m[48;2;228;159;33m▀[38;2;145;80;13m[48;2;102;57;13m▀[38;2;14;22;54m[48;2;69;74;89m▀[38;2;50;60;91m[48;2;249;249;238m▀[38;2;25;38;77m[48;2;109;117;139m▀[38;2;35;42;74m[48;2;52;54;76m▀[38;2;107;96;89m[48;2;73;69;81m▀[38;2;97;88;86m[48;2;114;100;91m▀[38;2;36;43;75m[48;2;37;43;75m▀[38;2;20;30;65m[48;2;69;74;88m▀[38;2;27;34;62m[48;2;210;171;77m▀[38;2;18;28;67m[48;2;109;96;71m▀[38;2;212;213;212m[48;2;212;214;212m▀[38;2;213;165;100m[48;2;209;166;109m▀[38;2;236;172;64m[48;2;235;169;59m▀[38;2;238;189;97m[48;2;235;173;66m▀[38;2;242;190;85m[48;2;239;180;76m▀[38;2;246;213;103m[48;2;239;187;84m▀[38;2;247;232;166m[48;2;244;221;157m▀[38;2;241;207;88m[48;2;207;151;65m▀[38;2;191;121;51m[48;2;164;102;41m▀[38;2;154;94;38m[48;2;141;79;31m▀[38;2;134;70;27m[48;2;128;66;30m▀[38;2;124;120;125m[48;2;125;123;133m▀[49m               [0m
                [38;2;222;200;51m▄  [38;2;53;63;93m[48;2;40;50;87m▀[38;2;23;31;60m[48;2;164;146;39m▀[38;2;71;55;47m[48;2;138;111;36m▀[38;2;4;4;12m[48;2;4;6;22m▀[38;2;110;116;135m[48;2;147;150;162m▀[38;2;251;249;236m[48;2;234;234;225m▀[38;2;98;107;129m[48;2;85;95;120m▀[38;2;64;64;78m[48;2;27;37;72m▀[38;2;112;98;89m[48;2;102;91;89m▀[38;2;86;80;85m[48;2;113;98;91m▀[38;2;21;32;72m[48;2;37;44;75m▀[38;2;73;86;112m[48;2;67;78;108m▀[38;2;216;181;96m[48;2;198;167;95m▀[38;2;135;113;67m[48;2;135;112;68m▀[38;2;148;153;165m[48;2;147;153;165m▀[38;2;218;186;140m[48;2;215;189;154m▀[38;2;234;166;59m[48;2;225;157;54m▀[38;2;234;168;59m[48;2;232;164;59m▀[38;2;235;172;69m[48;2;205;138;48m▀[38;2;210;140;54m[48;2;186;114;38m▀[38;2;238;210;153m[48;2;233;206;151m▀[38;2;167;110;53m[48;2;148;93;44m▀[38;2;142;84;34m[48;2;130;68;28m▀[38;2;129;66;28m[48;2;124;58;25m▀[38;2;118;65;45m[48;2;97;60;53m▀[38;2;103;106;124m[48;2;67;74;107m▀[49m               [0m
                [38;2;237;196;115m[48;2;226;162;25m▀[38;2;224;194;82m[48;2;223;179;106m▀[38;2;125;114;37m[48;2;242;232;168m▀[38;2;77;76;83m[48;2;228;210;89m▀[38;2;189;148;33m[48;2;201;152;27m▀[38;2;51;53;67m[48;2;61;64;76m▀[38;2;9;14;35m[48;2;13;17;33m▀[38;2;17;26;68m[48;2;146;152;164m▀[38;2;23;32;72m[48;2;236;237;228m▀[38;2;11;24;68m[48;2;45;57;94m▀[38;2;67;67;81m[48;2;44;49;76m▀[38;2;111;98;91m[48;2;112;99;91m▀[38;2;91;83;88m[48;2;103;91;88m▀[38;2;24;35;73m[48;2;31;39;74m▀[38;2;9;23;68m[48;2;9;24;67m▀[38;2;13;24;63m[48;2;199;181;131m▀[38;2;13;25;63m[48;2;188;153;74m▀[38;2;104;113;135m[48;2;80;89;114m▀[38;2;228;213;188m[48;2;216;204;187m▀[38;2;220;152;53m[48;2;200;131;42m▀[38;2;221;151;53m[48;2;177;105;25m▀[38;2;168;95;23m[48;2;161;88;17m▀[38;2;169;97;26m[48;2;159;87;17m▀[38;2;229;203;150m[48;2;197;150;92m▀[38;2;138;78;40m[48;2;126;64;31m▀[38;2;125;59;25m[48;2;120;52;21m▀[38;2;120;54;24m[48;2;117;50;19m▀[38;2;90;61;64m[48;2;81;65;77m▀[38;2;37;50;91m[48;2;22;32;60m▀[49m               [0m
                  [38;2;152;99;33m▀[38;2;236;190;121m[48;2;229;171;35m▀[38;2;244;229;159m[48;2;228;152;38m▀[38;2;205;188;84m[48;2;237;200;136m▀[38;2;89;81;35m[48;2;243;236;162m▀[38;2;180;180;147m[48;2;241;221;71m▀[38;2;248;246;215m[48;2;192;153;77m▀[38;2;41;54;89m[48;2;22;37;78m▀[38;2;71;69;82m[48;2;35;43;73m▀[38;2;112;98;91m[48;2;106;92;88m▀[38;2;113;99;93m[48;2;85;79;85m▀[38;2;37;44;76m[48;2;20;31;72m▀[38;2;10;24;67m[48;2;9;24;69m▀[38;2;214;193;135m[48;2;109;105;101m▀[38;2;209;168;72m[48;2;107;94;74m▀[38;2;84;84;95m[48;2;32;38;69m▀[38;2;156;157;160m[48;2;142;145;155m▀[38;2;155;92;38m[48;2;140;87;49m▀[38;2;156;83;10m[48;2;154;81;11m▀[38;2;149;79;12m[48;2;153;80;13m▀[38;2;173;99;19m[48;2;169;94;14m▀[38;2;163;87;17m[48;2;148;75;16m▀[38;2;118;52;21m[48;2;119;48;21m▀[38;2;119;49;20m[48;2;120;48;21m▀[38;2;113;46;18m[48;2;106;48;28m▀[38;2;76;72;97m[48;2;63;71;104m▀[38;2;19;28;55m[48;2;9;14;35m▀[49m               [0m
                  [38;2;102;103;104m[48;2;137;138;138m▀[38;2;225;209;76m[48;2;163;148;98m▀[38;2;231;171;42m[48;2;185;180;165m▀[38;2;131;73;19m[49m▀[38;2;173;126;54m[48;2;22;24;42m▀[38;2;239;211;102m[48;2;232;176;35m▀[38;2;169;101;41m[48;2;190;143;100m▀[38;2;7;23;68m[48;2;7;23;68m▀[38;2;73;70;83m[48;2;45;50;76m▀[38;2;113;99;91m[48;2;107;94;89m▀[38;2;110;98;90m[48;2;84;78;84m▀[38;2;35;41;75m[48;2;20;31;72m▀[38;2;9;24;69m[48;2;9;24;69m▀[38;2;78;83;99m[48;2;148;142;131m▀[38;2;99;86;60m[48;2;181;138;49m▀[38;2;49;49;62m[48;2;121;98;56m▀[38;2;113;119;136m[48;2;87;93;116m▀[38;2;142;106;82m[48;2;153;133;123m▀[38;2;147;75;12m[48;2;149;78;14m▀[38;2;164;90;13m[48;2;165;91;13m▀[38;2;164;91;13m[48;2;164;90;14m▀[38;2;147;73;17m[48;2;143;70;18m▀[38;2;119;48;22m[48;2;120;48;22m▀[38;2;119;48;21m[48;2;117;47;21m▀[38;2;99;52;41m[48;2;86;57;59m▀[38;2;54;67;106m[48;2;46;56;94m▀[49m                [0m
                  [38;2;169;170;167m[48;2;183;182;173m▀[38;2;139;123;96m[48;2;145;132;107m▀[38;2;175;175;171m[48;2;150;152;151m▀[49m [38;2;54;60;82m[48;2;15;25;62m▀[38;2;240;224;193m[48;2;39;51;89m▀[38;2;201;201;200m[48;2;34;45;83m▀[38;2;7;23;68m[48;2;7;23;68m▀[38;2;60;60;79m[48;2;19;31;71m▀[38;2;112;98;91m[48;2;25;36;74m▀[38;2;116;101;92m▀[38;2;39;45;77m[48;2;13;26;73m▀[38;2;9;24;70m[48;2;8;24;72m▀[38;2;147;143;134m[48;2;26;38;78m▀[38;2;181;139;54m[48;2;31;38;69m▀[38;2;170;134;58m▀[38;2;70;76;101m[48;2;27;39;78m▀[38;2;165;158;157m[48;2;160;158;162m▀[38;2;145;77;24m[48;2;143;95;59m▀[38;2;166;90;15m[48;2;165;87;18m▀[38;2;166;89;16m[48;2;165;88;16m▀[38;2;143;70;17m[48;2;142;68;17m▀[38;2;119;48;21m[48;2;119;48;21m▀[38;2;115;46;19m[48;2;106;47;25m▀[38;2;79;67;85m[48;2;72;77;110m▀[38;2;28;37;70m[48;2;23;30;59m▀[49m                [0m
                  [38;2;183;177;164m[48;2;174;166;150m▀[38;2;157;147;126m[48;2;169;162;146m▀[38;2;116;117;117m[49m▀  [38;2;5;13;39m▀[38;2;7;24;69m[48;2;7;24;70m▀[38;2;9;25;70m[48;2;9;25;70m▀▀[38;2;9;25;69m[48;2;10;26;71m▀[38;2;8;25;69m[48;2;9;25;71m▀[49m [38;2;13;27;66m[48;2;6;18;54m▀[38;2;53;54;82m[48;2;63;61;84m▀[38;2;8;23;71m[48;2;20;32;73m▀[38;2;7;24;69m[48;2;8;24;70m▀[38;2;7;23;69m▀[38;2;125;127;141m[48;2;75;82;107m▀[38;2;150;119;101m[48;2;162;155;151m▀[38;2;156;80;17m[48;2;143;72;20m▀[38;2;165;87;17m[48;2;164;86;19m▀[38;2;140;67;19m[48;2;138;65;19m▀[38;2;118;48;20m[48;2;114;47;18m▀[38;2;96;51;42m[48;2;83;64;73m▀[38;2;64;75;111m[48;2;44;54;93m▀[49m                 [0m
                 [38;2;155;153;149m[48;2;194;193;189m▀[38;2;159;148;125m[48;2;143;129;102m▀[38;2;188;184;171m[48;2;201;199;191m▀[49m   [38;2;24;25;40m[48;2;33;34;51m▀[38;2;82;74;88m[48;2;88;78;90m▀[38;2;63;61;84m[48;2;88;77;91m▀[38;2;13;28;71m[48;2;25;35;74m▀[38;2;10;26;70m[48;2;9;26;70m▀[38;2;9;25;70m[48;2;9;25;71m▀[49m [38;2;5;14;41m▀[38;2;69;65;87m[48;2;83;74;90m▀[38;2;75;68;86m[48;2;85;76;90m▀[38;2;36;43;77m[48;2;86;77;91m▀[38;2;9;26;70m[48;2;12;27;72m▀[38;2;36;49;85m[48;2;9;25;70m▀[38;2;163;162;164m[48;2;121;124;138m▀[38;2;142;97;67m[48;2;154;138;131m▀[38;2;162;87;19m[48;2;152;80;24m▀[38;2;138;64;18m[48;2;136;63;18m▀[38;2;103;44;25m[48;2;85;56;57m▀[38;2;74;78;109m[48;2;59;71;108m▀[38;2;22;30;61m[49m▀                 [0m
                 [38;2;219;217;208m[48;2;211;207;193m▀[38;2;144;130;101m[48;2;161;148;123m▀[38;2;184;184;178m[48;2;155;153;149m▀[49m   [38;2;34;35;54m[48;2;13;25;60m▀[38;2;88;79;92m[48;2;38;43;76m▀[38;2;87;77;90m[48;2;82;75;90m▀[38;2;17;29;71m[48;2;11;26;69m▀[38;2;9;26;70m[48;2;9;25;70m▀[38;2;8;26;72m[48;2;8;21;59m▀[49m  [38;2;85;76;92m[48;2;66;59;74m▀[38;2;85;76;91m[48;2;86;76;92m▀[38;2;86;77;90m[48;2;83;74;89m▀[38;2;27;37;75m[48;2;31;39;76m▀[38;2;7;25;70m[48;2;7;23;69m▀[38;2;57;67;99m[48;2;13;29;72m▀[38;2;161;161;163m[48;2;131;133;143m▀[38;2;147;99;66m[48;2;155;142;137m▀[38;2;126;61;22m[48;2;102;70;66m▀[38;2;71;72;101m[48;2;62;74;112m▀[38;2;38;48;90m[48;2;9;17;45m▀[49m                  [0m
                [38;2;157;154;144m▄[38;2;196;186;167m[48;2;182;166;135m▀[38;2;183;170;148m[48;2;206;197;177m▀[49m   [38;2;93;99;119m▄[38;2;211;214;211m[48;2;250;249;237m▀[38;2;157;161;172m[48;2;249;249;236m▀[38;2;43;48;80m[48;2;106;113;134m▀[38;2;8;23;69m[48;2;7;23;68m▀[38;2;8;25;69m[48;2;8;25;70m▀[38;2;5;14;39m[49m▀  [38;2;57;51;64m▀[38;2;85;76;92m[48;2;87;78;95m▀[38;2;77;74;94m[48;2;67;72;103m▀[38;2;89;98;123m[48;2;251;250;238m▀[38;2;60;59;71m[48;2;154;130;89m▀[38;2;30;38;66m[48;2;114;94;69m▀[38;2;54;65;96m[48;2;11;19;53m▀[38;2;162;160;162m[48;2;104;108;126m▀[38;2;98;106;131m[48;2;91;100;128m▀[38;2;36;48;90m[48;2;11;19;49m▀[49m                   [0m
                [38;2;197;196;186m[48;2;229;228;215m▀[38;2;185;159;117m[48;2;184;153;101m▀[38;2;224;219;203m[48;2;209;207;195m▀[49m   [38;2;176;179;182m[48;2;214;215;212m▀[38;2;250;249;235m[48;2;250;250;236m▀[38;2;250;249;236m[48;2;250;250;238m▀[38;2;228;227;213m[48;2;225;194;110m▀[38;2;18;31;66m[48;2;132;115;76m▀[38;2;7;24;71m[48;2;35;42;67m▀[38;2;21;27;50m[49m▄   [38;2;45;45;77m[48;2;123;129;146m▀[38;2;196;198;197m[48;2;246;246;234m▀[38;2;250;250;237m[48;2;250;250;236m▀[38;2;165;145;111m[48;2;179;164;134m▀[38;2;142;115;72m[48;2;141;115;74m▀[38;2;46;42;48m[48;2;113;95;74m▀[38;2;23;33;68m[49m▀[38;2;35;46;87m▀                    [0m
                [38;2;234;228;205m[48;2;228;214;180m▀[38;2;201;174;124m[48;2;217;195;151m▀[38;2;175;174;165m[48;2;136;132;121m▀[49m   [38;2;200;201;196m[48;2;165;161;148m▀[38;2;242;236;208m[48;2;178;138;55m▀[38;2;229;205;129m[48;2;173;135;55m▀[38;2;224;185;84m[48;2;172;136;59m▀[38;2;213;174;73m[48;2;162;129;60m▀[38;2;163;130;67m[48;2;124;101;64m▀[38;2;58;51;48m[48;2;33;30;37m▀[49m   [38;2;191;194;196m[48;2;226;210;160m▀[38;2;247;247;233m[48;2;230;204;121m▀[38;2;249;250;238m[48;2;228;193;97m▀[38;2;188;178;156m[48;2;177;146;72m▀[38;2;126;109;82m[48;2;124;97;52m▀[38;2;128;109;79m[48;2;80;66;57m▀[49m                      [0m
               [38;2;151;148;136m[48;2;187;185;175m▀[38;2;225;202;156m[48;2;223;192;133m▀[38;2;230;213;177m[48;2;239;228;203m▀[49m    [38;2;128;131;142m[48;2;56;61;79m▀[38;2;175;143;71m[48;2;190;169;120m▀[38;2;152;118;50m[48;2;125;100;55m▀[38;2;138;109;57m[48;2;118;95;58m▀[38;2;80;69;62m[48;2;60;60;68m▀[38;2;35;41;71m[48;2;196;159;75m▀[49m    [38;2;120;103;57m[48;2;29;31;48m▀[38;2;225;180;57m[48;2;175;143;59m▀[38;2;218;171;50m[48;2;184;147;53m▀[38;2;178;138;48m[48;2;172;136;48m▀[38;2;126;97;47m[48;2;100;80;51m▀[38;2;65;56;55m[48;2;60;56;64m▀[49m                      [0m
               [38;2;225;224;211m[48;2;245;240;215m▀[38;2;223;187;116m[48;2;233;199;129m▀[38;2;228;224;207m[48;2;192;190;179m▀[49m    [38;2;14;19;37m▀[38;2;173;166;145m[48;2;93;97;109m▀[38;2;108;89;57m[48;2;38;41;60m▀[38;2;22;30;64m[48;2;134;108;67m▀[38;2;188;154;75m[48;2;198;160;74m▀[38;2;216;173;75m[48;2;216;174;75m▀[38;2;45;41;42m[48;2;45;46;56m▀[49m   [38;2;79;83;96m[48;2;101;106;123m▀[38;2;69;71;81m[48;2;217;219;213m▀[38;2;182;146;52m[48;2;69;69;82m▀[38;2;182;143;47m[48;2;150;121;53m▀[38;2;87;70;51m[48;2;47;47;64m▀[38;2;103;87;65m[48;2;138;111;73m▀[38;2;40;39;44m[49m▄                     [0m
               [38;2;243;231;192m[48;2;244;224;173m▀[38;2;239;213;153m[48;2;243;226;178m▀[38;2;158;153;141m[49m▀     [38;2;156;157;159m[48;2;225;216;188m▀[38;2;122;100;66m[48;2;181;146;69m▀[38;2;144;115;66m[48;2;215;173;77m▀[38;2;171;138;72m[48;2;158;128;71m▀[38;2;216;176;76m[48;2;144;118;74m▀[38;2;44;45;56m[48;2;22;25;39m▀[49m   [38;2;101;106;125m[48;2;93;97;112m▀[38;2;250;250;237m[48;2;248;248;235m▀[38;2;200;203;199m[48;2;251;250;235m▀[38;2;51;58;89m[48;2;227;223;206m▀[38;2;93;79;69m[48;2;136;110;73m▀[38;2;137;111;73m[48;2;138;110;74m▀[38;2;53;46;42m[49m▀                     [0m
              [38;2;171;167;154m[48;2;209;207;196m▀[38;2;245;221;158m[48;2;246;218;144m▀[38;2;247;236;202m[48;2;239;235;213m▀[49m      [38;2;238;226;185m[48;2;237;222;179m▀[38;2;218;177;76m[48;2;218;177;76m▀[48;2;209;169;76m▀[38;2;154;124;72m[48;2;146;117;73m▀[38;2;95;79;64m[48;2;88;73;58m▀[49m     [38;2;214;215;209m[48;2;213;214;209m▀[38;2;251;249;233m[48;2;251;250;234m▀[38;2;241;239;223m[48;2;251;250;235m▀[38;2;142;116;80m[48;2;144;120;85m▀[38;2;138;110;75m[48;2;138;110;74m▀[49m                      [0m
              [38;2;242;240;224m[48;2;248;244;219m▀[38;2;248;221;149m[48;2;249;230;170m▀[38;2;209;208;195m[48;2;175;171;158m▀[49m      [38;2;235;218;170m[48;2;231;212;155m▀[38;2;218;176;78m[48;2;218;176;78m▀[38;2;201;163;77m[48;2;183;148;75m▀[38;2;139;111;73m[48;2;136;110;72m▀[49m       [38;2;251;250;234m[48;2;251;250;234m▀[38;2;251;250;235m[48;2;250;250;235m▀[38;2;151;127;92m[48;2;166;146;114m▀[38;2;139;111;75m[48;2;139;111;75m▀[49m                      [0m
             [38;2;166;161;150m▄[38;2;249;239;205m[48;2;249;236;189m▀[38;2;249;236;190m[48;2;249;241;209m▀[49m      [38;2;133;134;129m▄[38;2;228;204;137m[48;2;226;200;128m▀[38;2;218;176;76m[48;2;217;176;77m▀[38;2;181;146;74m[48;2;173;139;74m▀[38;2;114;92;60m[48;2;113;92;61m▀[49m       [38;2;247;246;232m[48;2;219;219;207m▀[38;2;251;250;234m[48;2;250;250;234m▀[38;2;181;166;138m[48;2;194;180;155m▀[38;2;139;111;74m[48;2;139;111;74m▀[49m                      [0m
             [38;2;204;202;193m[48;2;236;236;224m▀[38;2;249;233;174m[48;2;249;230;162m▀[38;2;248;245;224m[48;2;226;224;210m▀[49m      [38;2;154;155;150m[48;2;186;185;179m▀[38;2;223;194;118m[48;2;222;188;102m▀[38;2;217;176;77m[48;2;218;176;77m▀[38;2;162;130;73m[48;2;152;120;72m▀[38;2;84;68;48m[49m▀       [38;2;219;220;209m[48;2;154;155;151m▀[38;2;250;250;234m[48;2;251;250;234m▀[38;2;197;185;160m[48;2;210;200;179m▀[38;2;138;111;74m[48;2;139;110;75m▀[38;2;86;69;49m[49m▄                     [0m
             [38;2;248;246;224m[48;2;248;239;199m▀[38;2;249;229;159m[48;2;249;229;160m▀[38;2;190;188;175m[48;2;152;146;133m▀[49m     [38;2;49;55;70m▄[38;2;207;205;194m[48;2;158;157;159m▀[38;2;219;182;88m[48;2;214;174;75m▀[38;2;218;176;77m[48;2;208;168;76m▀[38;2;147;117;73m[48;2;143;115;73m▀[49m        [38;2;126;126;125m[48;2;124;125;125m▀[38;2;251;250;234m[48;2;251;250;235m▀[38;2;222;216;196m[48;2;228;224;209m▀[38;2;139;111;74m[48;2;138;112;75m▀[38;2;93;75;52m[48;2;121;98;67m▀[49m                     [0m
            [38;2;152;150;141m[48;2;194;193;185m▀[38;2;249;232;177m[48;2;246;217;121m▀[38;2;248;235;182m[48;2;248;238;199m▀[49m      [38;2;11;19;51m[48;2;120;123;129m▀[38;2;37;40;63m[48;2;206;180;99m▀[38;2;143;121;72m[48;2;63;60;64m▀[38;2;201;162;74m[48;2;167;137;74m▀[38;2;138;112;73m[48;2;94;79;67m▀[38;2;50;47;58m[48;2;46;45;58m▀[49m       [38;2;125;128;137m[48;2;125;132;147m▀[38;2;250;250;238m[48;2;151;154;167m▀[38;2;73;80;108m[48;2;88;81;64m▀[38;2;20;29;69m[48;2;121;103;57m▀[38;2;98;83;73m[48;2;51;50;65m▀[49m                     [0m
            [38;2;207;207;197m[48;2;204;205;195m▀[38;2;246;206;88m[48;2;244;214;127m▀[38;2;246;238;200m[48;2;217;217;204m▀[49m     [38;2;63;70;85m[48;2;218;219;213m▀[38;2;186;181;159m[48;2;190;169;114m▀[38;2;201;162;61m[48;2;154;121;46m▀[38;2;125;102;56m[48;2;124;99;54m▀[38;2;61;58;64m[48;2;23;33;68m▀[38;2;144;115;65m[48;2;39;45;66m▀[38;2;7;15;44m[49m▀       [38;2;163;167;175m[48;2;26;32;60m▀[38;2;91;86;81m[48;2;170;145;71m▀[38;2;211;186;117m[48;2;197;181;135m▀[38;2;179;156;106m[48;2;184;170;134m▀[38;2;90;76;58m[48;2;119;101;64m▀[49m                     [0m
            [38;2;185;184;177m[48;2;152;152;146m▀[38;2;245;239;207m[48;2;214;214;204m▀[49m    [38;2;176;176;171m▄[38;2;228;230;221m[48;2;236;224;180m▀[38;2;238;227;191m[48;2;217;178;78m▀[38;2;189;155;71m[48;2;210;167;59m▀[38;2;145;112;44m[48;2;147;114;45m▀[38;2;130;102;51m[48;2;136;106;50m▀[38;2;13;28;67m[48;2;12;28;68m▀[38;2;6;25;69m[48;2;7;25;69m▀[49m         [38;2;184;161;88m[48;2;211;202;172m▀[38;2;242;241;225m[48;2;250;249;237m▀[38;2;239;235;213m[48;2;250;249;235m▀[38;2;182;145;65m[48;2;186;150;78m▀[38;2;124;99;51m[49m▄                    [0m
                   [38;2;122;98;50m▀[38;2;119;95;41m▀[38;2;119;94;40m▀[38;2;91;72;31m▀[38;2;87;67;35m▀[38;2;9;17;40m▀[38;2;5;15;41m▀         [38;2;213;213;208m▀[38;2;234;232;225m▀[38;2;233;233;225m▀[38;2;180;148;88m▀[38;2;133;106;58m▀                    [0m
                                                            [0m
                                                            [0m