                                                            [0m
                                                            [0m
                                                            [0m
                                                            [0m
                 [38;2;158;241;145m▄            [38;2;83;83;84m▄[38;2;1;1;0m▄▄▄[38;2;0;1;0m▄                         [0m
            [38;2;168;240;156m▄  [38;2;157;242;141m▄[38;2;119;236;99m[48;2;152;240;138m▀[49m           [38;2;85;86;86m▄[38;2;51;51;52m[48;2;1;0;0m▀[38;2;1;1;0m[48;2;1;1;0m▀▀[48;2;0;0;0m▀[48;2;1;1;0m▀[38;2;0;1;0m▀[49m                         [0m
           [38;2;122;239;103m▄   [38;2;102;239;80m[48;2;91;239;65m▀[38;2;142;240;126m[49m▄           [38;2;16;16;16m[48;2;7;7;7m▀[38;2;13;16;13m[48;2;34;41;35m▀[38;2;12;15;13m[48;2;35;46;35m▀[38;2;11;15;12m[48;2;59;128;53m▀[38;2;7;8;7m[48;2;7;9;8m▀[38;2;1;1;0m[48;2;0;0;0m▀[48;2;1;1;0m▀[38;2;64;64;64m[48;2;50;50;49m▀[49m                        [0m
           [38;2;91;238;66m[48;2;92;237;67m▀[38;2;170;244;158m[48;2;109;239;87m▀[49m  [38;2;110;239;86m[48;2;131;240;111m▀[38;2;91;239;67m[48;2;90;240;63m▀[38;2;126;240;106m[49m▄          [38;2;38;88;33m[48;2;66;157;54m▀[38;2;39;62;38m[48;2;56;121;48m▀[38;2;59;125;50m[48;2;65;147;55m▀[38;2;84;215;69m[48;2;36;78;31m▀[38;2;39;85;35m[48;2;33;56;31m▀[38;2;4;5;5m[48;2;9;11;10m▀[38;2;1;1;0m[48;2;1;1;1m▀[38;2;38;38;38m[48;2;1;2;1m▀[49m                        [0m
           [38;2;138;241;122m▀[38;2;98;238;74m[48;2;137;240;119m▀[38;2;137;242;121m[48;2;90;239;67m▀[49m [38;2;133;241;112m[48;2;123;241;101m▀[38;2;89;240;63m[48;2;103;242;63m▀[38;2;90;239;64m[48;2;100;240;63m▀[38;2;112;239;91m[48;2;91;239;65m▀[49m         [38;2;54;56;54m[48;2;56;62;55m▀[38;2;91;96;92m[48;2;60;86;58m▀[38;2;10;13;11m[48;2;11;14;12m▀[38;2;144;143;145m[48;2;24;47;19m▀[38;2;21;30;21m[48;2;46;93;34m▀[38;2;6;6;6m[48;2;8;9;7m▀[38;2;1;1;1m[48;2;1;1;1m▀[38;2;1;1;0m[48;2;1;1;0m▀[38;2;111;112;111m[48;2;27;27;27m▀[49m                       [0m
             [38;2;91;238;64m[48;2;92;239;64m▀[38;2;93;239;66m[48;2;90;240;63m▀[38;2;91;240;64m[48;2;89;241;63m▀[38;2;156;247;58m[48;2;158;246;57m▀[38;2;140;242;58m[48;2;141;243;58m▀[38;2;90;240;63m[48;2;89;239;62m▀[49m [38;2;140;240;128m▀[38;2;133;239;117m▄      [38;2;61;79;59m[48;2;57;68;56m▀[38;2;55;123;47m[48;2;60;140;51m▀[38;2;21;25;21m[48;2;59;134;50m▀[38;2;39;77;30m[48;2;52;116;43m▀[38;2;16;31;13m[48;2;0;0;0m▀[38;2;18;20;17m[48;2;20;22;19m▀[38;2;1;1;1m[48;2;2;1;2m▀[38;2;1;1;0m[48;2;1;1;0m▀▀[38;2;69;70;70m[49m▄                      [0m
            [38;2;122;238;102m[48;2;95;239;68m▀[38;2;90;240;63m[48;2;89;241;62m▀[38;2;88;240;62m[48;2;110;242;59m▀[38;2;121;242;59m[48;2;179;246;55m▀[38;2;199;249;56m[48;2;205;249;56m▀[38;2;140;242;60m[48;2;139;242;61m▀[38;2;89;239;62m[48;2;90;240;63m▀[49m  [38;2;89;239;66m[48;2;88;239;63m▀[49m      [38;2;59;72;58m[48;2;73;150;60m▀[38;2;84;198;69m[48;2;60;145;48m▀[38;2;70;167;58m[48;2;5;13;6m▀[38;2;87;217;71m[48;2;70;168;57m▀[38;2;18;42;17m[48;2;64;151;53m▀[38;2;21;24;20m[48;2;23;27;20m▀[38;2;4;5;4m[48;2;11;12;11m▀[38;2;1;1;0m[48;2;1;1;1m▀[48;2;1;1;0m▀[48;2;2;2;1m▀[49m▄                     [0m
          [38;2;120;237;101m▄[38;2;104;238;78m[48;2;91;240;64m▀[38;2;92;240;65m[48;2;90;241;63m▀[38;2;89;241;63m[48;2;90;240;62m▀[38;2;186;248;53m[48;2;187;248;54m▀[38;2;209;250;54m[48;2;211;249;54m▀[38;2;159;245;58m[48;2;157;244;59m▀[38;2;92;240;60m[48;2;89;239;61m▀[38;2;90;240;63m[48;2;90;240;63m▀[38;2;103;240;77m[48;2;91;240;62m▀[38;2;108;239;84m[48;2;91;240;63m▀[38;2;89;239;65m[48;2;91;241;65m▀[49m      [38;2;43;92;36m[48;2;64;153;49m▀[38;2;89;219;69m[48;2;92;230;69m▀[38;2;78;188;65m[48;2;88;219;69m▀[38;2;44;96;40m[48;2;48;103;41m▀[38;2;45;92;38m[48;2;31;52;26m▀[38;2;24;28;22m[48;2;24;28;21m▀[38;2;21;24;20m[48;2;15;17;14m▀[38;2;2;3;2m[48;2;0;0;0m▀[38;2;1;1;0m[48;2;6;7;6m▀[48;2;5;6;6m▀[48;2;1;1;0m▀[38;2;59;59;59m[49m▄                    [0m
         [38;2;137;240;119m▄[38;2;91;238;64m[48;2;90;240;64m▀[38;2;91;241;63m[48;2;91;241;62m▀[38;2;99;241;62m[48;2;100;242;61m▀[38;2;196;248;59m[48;2;211;251;56m▀[38;2;209;249;57m[48;2;213;250;64m▀[38;2;212;249;56m[48;2;213;250;72m▀[38;2;205;248;63m[48;2;212;250;75m▀[38;2;195;246;67m[48;2;213;249;82m▀[38;2;194;247;65m[48;2;211;249;79m▀[38;2;191;247;66m[48;2;204;248;72m▀[38;2;93;240;63m[48;2;94;240;64m▀[38;2;90;240;65m[48;2;157;243;141m▀[49m     [38;2;97;115;95m[48;2;97;116;93m▀[38;2;95;230;70m[48;2;94;233;67m▀[38;2;91;232;69m[48;2;92;232;68m▀[38;2;90;227;69m[48;2;91;231;67m▀[38;2;54;120;44m[48;2;70;170;55m▀[38;2;42;78;34m[48;2;42;78;35m▀[38;2;24;28;22m[48;2;21;24;22m▀[38;2;9;10;9m[48;2;2;3;2m▀[38;2;0;0;0m[48;2;10;11;10m▀[38;2;12;13;12m[48;2;18;19;18m▀[38;2;10;11;10m[48;2;3;3;3m▀[38;2;1;1;0m[48;2;1;1;0m▀[38;2;0;0;0m▀[38;2;112;113;112m[49m▄                   [0m
         [38;2;98;241;70m[48;2;92;241;63m▀[38;2;91;241;62m[48;2;92;242;63m▀[38;2;90;241;62m[48;2;100;241;62m▀[38;2;101;242;61m[48;2;101;242;60m▀[38;2;213;250;57m[48;2;214;250;62m▀[38;2;215;250;71m[48;2;208;241;80m▀[38;2;143;165;64m[48;2;63;74;37m▀[38;2;123;143;59m[48;2;24;29;20m▀[38;2;74;89;43m[48;2;22;28;19m▀[38;2;92;110;49m[48;2;35;47;26m▀[38;2;205;244;78m[48;2;101;132;52m▀[38;2;112;239;84m[48;2;118;241;91m▀[49m     [38;2;58;62;55m▄[38;2;32;45;30m[48;2;20;27;14m▀[38;2;83;199;60m[48;2;54;130;40m▀[38;2;94;233;68m[48;2;95;233;69m▀[38;2;92;231;67m[48;2;93;231;68m▀[38;2;73;176;56m[48;2;74;177;59m▀[38;2;31;56;26m[48;2;4;4;4m▀[38;2;12;14;12m[48;2;5;6;5m▀[38;2;4;5;5m[48;2;18;19;17m▀[38;2;20;23;20m[48;2;14;15;14m▀[38;2;8;9;8m[48;2;1;1;1m▀[38;2;1;1;0m[48;2;1;2;1m▀[48;2;1;1;0m▀[38;2;0;0;0m▀[48;2;0;0;0m▀[38;2;90;91;91m[49m▄                  [0m
         [38;2;92;241;63m[48;2;91;241;63m▀[38;2;101;243;61m[48;2;102;243;61m▀[38;2;207;251;58m[48;2;211;251;57m▀[38;2;183;247;57m[48;2;212;250;58m▀[38;2;215;250;65m[48;2;216;250;68m▀[38;2;169;190;73m[48;2;99;108;63m▀[38;2;16;21;14m[48;2;56;64;50m▀[38;2;22;28;17m[48;2;51;65;35m▀[38;2;18;23;13m[48;2;62;82;39m▀[38;2;48;63;34m[48;2;23;28;17m▀[38;2;55;77;37m[48;2;49;62;29m▀[38;2;142;205;126m[49m▀     [38;2;24;32;17m[48;2;33;38;30m▀[38;2;30;41;20m[48;2;30;41;20m▀[38;2;35;77;27m[48;2;15;26;13m▀[38;2;95;232;69m[48;2;93;220;67m▀[38;2;90;220;68m[48;2;80;183;64m▀[38;2;37;83;31m[48;2;0;0;0m▀[38;2;5;6;5m▄[38;2;12;14;13m[48;2;20;24;21m▀[38;2;20;22;20m[48;2;15;17;16m▀[38;2;13;13;13m[48;2;9;10;9m▀[38;2;0;1;0m[48;2;0;1;0m▀[38;2;1;1;1m[48;2;2;2;1m▀[48;2;1;1;0m▀[38;2;1;1;0m▀▀[38;2;0;1;0m▀[49m                  [0m
         [38;2;92;240;63m[48;2;116;241;91m▀[38;2;103;243;62m[48;2;94;241;62m▀[38;2;214;251;57m[48;2;175;248;56m▀[38;2;215;251;58m[48;2;218;251;54m▀[38;2;218;251;70m[48;2;221;250;74m▀[38;2;129;136;97m[48;2;130;137;98m▀[38;2;134;139;127m[49m▀[38;2;69;89;40m[48;2;124;139;98m▀[38;2;35;46;24m[48;2;41;51;21m▀[38;2;5;6;4m[48;2;44;52;19m▀[38;2;105;125;43m[48;2;82;98;39m▀[38;2;126;136;116m[49m▄    [38;2;115;116;114m▄[38;2;33;37;30m[48;2;29;37;21m▀[38;2;20;25;14m[48;2;19;24;14m▀[38;2;8;12;6m[48;2;11;16;8m▀[38;2;57;143;45m[48;2;54;123;44m▀[38;2;17;39;14m[48;2;13;26;11m▀[38;2;0;0;0m[48;2;14;17;14m▀[38;2;16;19;17m[48;2;24;28;24m▀[38;2;18;21;18m[48;2;22;26;22m▀[38;2;21;24;22m[48;2;13;14;13m▀[38;2;7;7;7m[48;2;0;1;0m▀[38;2;1;1;0m[48;2;2;2;1m▀[38;2;2;2;1m▀[38;2;1;1;0m[48;2;1;1;0m▀▀[38;2;0;1;0m▀[38;2;1;1;0m▀[49m                  [0m
         [38;2;182;245;167m▀[38;2;91;239;62m[48;2;90;239;62m▀[38;2;122;242;59m[48;2;88;240;60m▀[38;2;214;250;56m[48;2;209;250;60m▀[38;2;223;251;78m[48;2;226;251;86m▀[38;2;130;136;98m[48;2;125;131;94m▀[38;2;47;47;47m[49m▄[38;2;86;86;86m▄[38;2;85;93;60m▀[38;2;134;155;61m▀[38;2;97;117;37m[48;2;127;146;51m▀[38;2;77;90;63m[48;2;44;58;28m▀[49m    [38;2;74;78;71m[48;2;23;30;17m▀[38;2;32;41;22m[48;2;28;36;21m▀[38;2;30;38;20m[48;2;33;41;24m▀[38;2;21;27;15m[48;2;31;40;22m▀[38;2;10;20;11m[48;2;13;17;10m▀[38;2;5;5;5m[48;2;9;10;9m▀[38;2;27;33;27m[48;2;14;17;14m▀[38;2;21;25;21m[48;2;5;6;5m▀[38;2;9;10;9m[48;2;0;0;0m▀[38;2;0;1;0m[48;2;1;1;1m▀[38;2;1;2;1m[48;2;2;2;1m▀[38;2;2;2;0m▄[38;2;1;1;1m[48;2;1;1;0m▀[38;2;1;1;0m▀▀▀[48;2;0;1;0m▀[38;2;78;78;78m[49m▄                 [0m
         [38;2;141;242;122m▄[38;2;98;241;61m[48;2;160;245;58m▀[38;2;111;241;61m[48;2;218;251;60m▀[38;2;213;250;73m[48;2;224;251;84m▀[38;2;226;251;90m[48;2;195;211;86m▀[38;2;111;117;66m[48;2;44;45;22m▀[38;2;3;2;1m[48;2;9;6;1m▀[38;2;14;13;11m[48;2;8;6;1m▀[38;2;128;128;129m[48;2;49;49;47m▀[49m [38;2;165;182;84m[48;2;177;193;103m▀[38;2;66;81;31m[48;2;117;133;40m▀[38;2;55;67;41m[48;2;45;56;27m▀[38;2;39;42;38m[49m▄ [38;2;83;85;81m[48;2;22;28;16m▀[38;2;32;41;22m[48;2;33;43;22m▀[38;2;23;29;18m[48;2;19;25;15m▀[38;2;31;41;24m[48;2;31;40;25m▀[38;2;32;40;23m[48;2;32;39;26m▀[38;2;27;34;19m[48;2;31;39;22m▀[38;2;11;14;10m[48;2;30;38;22m▀[38;2;8;9;7m[48;2;22;26;19m▀[38;2;7;8;7m[48;2;23;27;21m▀[38;2;2;2;3m[48;2;18;20;18m▀[38;2;1;2;1m[48;2;1;1;1m▀[38;2;2;2;1m[48;2;2;2;0m▀[38;2;2;2;0m▀[38;2;2;1;0m[48;2;1;1;0m▀[38;2;1;1;0m▀▀[48;2;0;0;0m▀[48;2;1;1;0m▀[38;2;78;78;78m[48;2;17;18;17m▀[49m                 [0m
         [38;2;103;238;66m[48;2;100;239;63m▀[38;2;214;251;55m[48;2;217;252;54m▀[38;2;223;251;64m[48;2;224;251;73m▀[38;2;225;247;90m[48;2;126;136;54m▀[38;2;76;80;37m[48;2;14;12;2m▀[38;2;12;10;1m[48;2;18;17;2m▀[38;2;14;12;1m[48;2;22;20;2m▀[48;2;21;19;2m▀[38;2;10;8;0m[48;2;16;15;1m▀[38;2;89;88;87m[48;2;40;38;32m▀[38;2;204;214;151m[48;2;119;126;81m▀[38;2;145;162;45m[48;2;155;171;48m▀[38;2;69;83;29m[48;2;79;93;30m▀[38;2;36;44;23m[48;2;40;50;23m▀[38;2;9;11;8m[48;2;25;32;18m▀[38;2;23;29;16m[48;2;3;4;3m▀[38;2;31;41;21m[48;2;30;39;21m▀[38;2;11;14;9m[48;2;11;14;9m▀[38;2;31;39;25m[48;2;32;40;26m▀[38;2;31;39;26m[48;2;31;38;27m▀[38;2;31;40;25m[48;2;31;40;26m▀[38;2;31;39;23m[48;2;31;39;26m▀[38;2;20;25;16m[48;2;30;37;24m▀[38;2;16;18;15m[48;2;29;34;26m▀[38;2;25;29;23m[48;2;27;31;24m▀[38;2;1;1;1m[48;2;1;1;1m▀[38;2;2;2;0m[48;2;2;2;1m▀[48;2;2;2;0m▀[38;2;0;1;0m[48;2;1;1;1m▀[38;2;0;0;0m[48;2;2;2;2m▀[48;2;1;0;0m▀[48;2;0;0;0m▀[48;2;1;1;0m▀[38;2;0;1;0m▀[38;2;121;121;121m[49m▄                [0m
         [38;2;99;239;62m[48;2;100;239;63m▀[38;2;220;252;54m[48;2;220;252;53m▀[38;2;225;252;75m[48;2;226;252;74m▀[38;2;108;116;45m[48;2;232;250;93m▀[38;2;44;42;10m[48;2;143;142;26m▀[38;2;51;50;10m[48;2;153;149;18m▀[38;2;74;74;11m[48;2;251;243;10m▀[38;2;61;60;9m[48;2;191;187;11m▀[38;2;58;56;10m[48;2;199;192;15m▀[38;2;40;38;19m[48;2;140;139;69m▀[38;2;65;69;44m[49m▀[38;2;151;168;45m[48;2;131;146;40m▀[38;2;109;124;37m[48;2;145;161;45m▀[38;2;40;50;23m[48;2;40;50;23m▀[38;2;32;39;22m[48;2;34;42;25m▀[38;2;12;15;9m[48;2;22;29;14m▀[38;2;18;23;14m[48;2;5;6;4m▀[38;2;11;14;8m[48;2;11;14;9m▀[38;2;32;41;25m[48;2;32;41;26m▀[38;2;32;38;28m[48;2;33;38;28m▀[38;2;31;37;28m[48;2;32;37;28m▀[38;2;31;37;27m[48;2;32;37;29m▀[48;2;31;36;28m▀[38;2;30;34;26m[48;2;31;35;27m▀[38;2;27;31;24m[48;2;28;31;26m▀[38;2;1;1;1m[48;2;1;1;1m▀[38;2;2;2;1m[48;2;2;2;2m▀[48;2;2;1;0m▄[38;2;3;3;3m[48;2;3;3;3m▀[38;2;5;6;6m[48;2;8;8;8m▀[38;2;1;1;0m[48;2;1;1;0m▀▀▀▀[38;2;0;1;0m[48;2;0;0;0m▀[49m                [0m
         [38;2;100;240;63m[48;2;143;241;120m▀[38;2;220;252;57m[48;2;171;246;59m▀[38;2;228;251;71m[48;2;228;251;70m▀[38;2;233;251;94m[48;2;234;251;95m▀[38;2;146;145;24m[48;2;148;147;23m▀[38;2;156;152;15m[48;2;158;154;14m▀[38;2;252;245;6m[48;2;252;247;15m▀[38;2;195;190;10m[48;2;196;192;11m▀[38;2;201;195;10m[48;2;201;197;10m▀[38;2;144;142;70m[48;2;147;145;71m▀[38;2;155;159;131m[49m▄[38;2;102;113;32m[48;2;76;85;25m▀[38;2;148;163;45m[48;2;145;161;45m▀[38;2;40;51;23m[48;2;39;50;23m▀[38;2;35;43;25m[48;2;35;43;25m▀[38;2;20;26;12m[48;2;14;17;9m▀[38;2;8;10;5m[48;2;12;14;7m▀[38;2;11;14;9m[48;2;12;14;9m▀[38;2;33;40;25m[48;2;32;40;25m▀[38;2;33;38;28m[48;2;32;39;28m▀[38;2;32;37;29m[48;2;33;37;29m▀▄[48;2;32;37;28m▄[38;2;31;36;27m[48;2;30;36;27m▀[38;2;25;28;23m[48;2;21;24;20m▀[38;2;1;1;0m[48;2;1;1;0m▀[38;2;2;2;2m[48;2;2;2;1m▀[38;2;2;2;1m▀[38;2;3;4;3m[48;2;3;4;3m▀[38;2;12;13;13m[48;2;13;13;14m▀[38;2;1;1;0m[48;2;1;1;0m▀▀▀▀[38;2;0;1;0m▀[38;2;115;116;116m[48;2;52;52;52m▀[49m               [0m
          [38;2;112;239;63m[48;2;146;240;122m▀[38;2;223;252;74m[48;2;165;244;73m▀[38;2;234;251;96m[48;2;234;252;96m▀[38;2;149;148;24m[48;2;149;148;24m▀[38;2;213;205;14m[48;2;220;210;11m▀[38;2;251;248;68m[48;2;251;249;53m▀[38;2;198;193;14m[48;2;197;195;16m▀[38;2;201;197;11m[48;2;202;197;11m▀[38;2;147;145;71m[48;2;146;145;70m▀[38;2;145;150;120m[48;2;138;143;113m▀[38;2;43;48;14m[48;2;43;47;15m▀[38;2;117;129;40m[48;2;73;82;29m▀[38;2;40;49;23m[48;2;40;49;24m▀[38;2;34;43;25m[48;2;31;38;23m▀[38;2;10;12;7m[48;2;5;6;4m▀[38;2;11;14;8m[48;2;8;10;7m▀[38;2;11;14;9m[48;2;11;14;9m▀[38;2;32;41;24m[48;2;32;42;24m▀[38;2;32;39;28m[48;2;32;39;28m▀[38;2;32;37;29m[48;2;32;38;29m▀[38;2;33;37;29m[48;2;32;39;28m▀[38;2;32;38;28m[48;2;31;38;28m▀[38;2;28;34;25m[48;2;16;19;14m▀[38;2;21;24;19m[48;2;16;19;16m▀[38;2;1;1;0m[48;2;1;1;0m▀[38;2;2;2;2m[48;2;2;2;1m▀[38;2;2;2;1m▀[38;2;3;3;3m[48;2;3;3;3m▀[38;2;13;13;13m[48;2;12;14;13m▀[38;2;1;1;0m[48;2;0;1;0m▀[38;2;2;3;2m[48;2;12;13;12m▀[38;2;1;1;0m[48;2;1;1;0m▀▀▀[38;2;45;45;45m▀[49m               [0m
           [38;2;143;241;77m[48;2;156;242;133m▀[38;2;230;251;99m[48;2;201;247;90m▀[38;2;150;149;25m[48;2;148;149;25m▀[38;2;219;210;14m[48;2;219;209;16m▀[38;2;252;252;180m[48;2;251;253;199m▀[38;2;197;197;79m[48;2;197;196;90m▀[38;2;201;198;10m[48;2;201;197;11m▀[38;2;147;144;70m[48;2;145;143;70m▀[38;2;138;143;113m[48;2;137;142;113m▀[38;2;41;45;14m[48;2;36;40;12m▀[38;2;26;30;11m[48;2;23;23;10m▀[38;2;39;47;25m[48;2;38;45;24m▀[38;2;29;36;21m[48;2;26;32;19m▀[38;2;1;0;0m[48;2;1;1;0m▀[48;2;1;1;1m▀[38;2;11;14;9m[48;2;5;6;4m▀[38;2;33;43;24m[48;2;28;37;20m▀[38;2;32;41;25m[48;2;29;38;21m▀[38;2;32;40;27m[48;2;31;41;24m▀[38;2;32;38;27m[48;2;29;36;23m▀[38;2;31;36;27m[48;2;11;13;10m▀[38;2;3;3;2m[48;2;0;0;0m▀[38;2;11;12;11m[48;2;5;6;5m▀[38;2;1;1;0m[48;2;1;1;0m▀[38;2;2;2;1m[48;2;2;1;1m▀[48;2;2;2;0m▀[38;2;3;3;2m[48;2;2;3;2m▀[38;2;14;15;14m[48;2;15;16;15m▀[38;2;1;1;1m[48;2;5;6;6m▀[38;2;16;19;16m[48;2;11;12;10m▀[38;2;6;6;6m[48;2;0;0;0m▀[38;2;1;1;0m[48;2;1;1;0m▀▀▀[49m               [0m
            [38;2;171;243;86m▀[38;2;117;118;27m[48;2;126;128;108m▀[38;2;200;191;21m[48;2;99;89;17m▀[38;2;250;246;37m[48;2;193;188;17m▀[38;2;196;192;23m[48;2;168;163;15m▀[38;2;181;180;15m[48;2;125;123;19m▀[38;2;123;121;71m[49m▀[38;2;136;140;114m[48;2;135;139;116m▀[38;2;34;38;13m[48;2;30;35;11m▀[38;2;20;21;9m[48;2;18;19;8m▀[38;2;36;43;23m[48;2;34;41;23m▀[38;2;22;27;16m[48;2;14;17;11m▀[38;2;1;1;0m[48;2;1;1;0m▀[38;2;1;1;1m▀[38;2;0;0;0m[48;2;0;0;0m▀[38;2;15;19;11m[48;2;24;33;16m▀[38;2;6;8;5m[48;2;22;30;16m▀[38;2;16;19;12m[48;2;19;25;15m▀[38;2;12;15;9m[48;2;17;21;14m▀[38;2;0;0;0m[48;2;16;19;14m▀[48;2;15;18;14m▀[48;2;13;16;13m▀[48;2;11;13;11m▀[48;2;4;4;4m▀[38;2;1;1;1m[48;2;2;2;1m▀[38;2;2;2;2m▀[38;2;14;15;14m[48;2;13;14;14m▀[38;2;12;13;12m[48;2;16;17;15m▀[48;2;9;10;9m▄[38;2;2;2;2m[48;2;4;4;4m▀[38;2;1;1;0m[48;2;1;1;0m▀▀▀[49m               [0m
              [38;2;52;50;30m[48;2;69;68;54m▀[38;2;35;34;4m[48;2;26;24;3m▀[38;2;36;34;4m[48;2;26;25;2m▀[38;2;59;58;38m[48;2;86;84;73m▀[49m [38;2;136;140;120m▀[38;2;28;33;12m[48;2;30;34;14m▀[38;2;17;18;8m[48;2;19;21;11m▀[38;2;29;36;21m[48;2;27;33;19m▀[38;2;5;5;4m[48;2;1;1;0m▀[38;2;2;2;1m[48;2;2;2;1m▀[38;2;1;1;1m[48;2;1;1;0m▀[38;2;0;1;0m▀[38;2;16;22;10m[48;2;22;28;14m▀[38;2;29;39;20m[48;2;7;10;6m▀[38;2;28;37;20m[48;2;10;12;8m▀[38;2;25;32;19m[48;2;12;15;9m▀[38;2;23;28;19m[48;2;13;15;11m▀[38;2;22;26;20m[48;2;12;14;11m▀[38;2;11;12;10m[48;2;9;10;9m▀[38;2;9;11;10m[48;2;0;0;0m▀[38;2;0;0;0m▀[38;2;2;2;1m[48;2;2;2;0m▀[38;2;1;1;1m[48;2;1;1;0m▀[38;2;13;15;14m[48;2;6;7;7m▀[38;2;17;17;16m[48;2;18;19;17m▀[38;2;17;18;17m[48;2;19;19;17m▀[38;2;4;4;4m[48;2;4;4;4m▀[38;2;1;1;1m[48;2;1;1;0m▀[38;2;1;1;0m▀▀[49m               [0m
             [38;2;69;67;67m▄[38;2;16;14;4m[48;2;9;6;1m▀[38;2;16;15;0m[48;2;11;7;1m▀▀[38;2;17;14;6m[48;2;8;5;1m▀[38;2;88;87;87m[49m▄ [38;2;28;33;16m[48;2;28;35;17m▀[38;2;21;24;13m[48;2;19;22;12m▀[38;2;19;23;14m[48;2;9;11;7m▀[38;2;1;1;0m[48;2;1;1;0m▀[38;2;1;1;1m[48;2;1;1;1m▀[38;2;1;1;0m[48;2;0;1;0m▀[38;2;5;7;4m[48;2;5;6;4m▀[38;2;30;41;20m[48;2;30;41;20m▀[38;2;16;22;11m[48;2;15;21;12m▀[38;2;22;28;15m[48;2;22;29;16m▀[38;2;13;14;13m[48;2;23;25;22m▀[38;2;3;3;3m[48;2;14;16;14m▀[38;2;0;0;0m[48;2;0;0;0m▀[38;2;7;8;7m[48;2;9;11;10m▀[38;2;7;9;9m[48;2;9;10;9m▀[38;2;0;1;0m[48;2;0;0;0m▀[38;2;2;2;0m[48;2;2;2;0m▀[38;2;1;1;0m[48;2;1;0;0m▀[38;2;10;11;10m[48;2;15;17;15m▀[38;2;17;19;17m[48;2;18;19;17m▀[38;2;18;19;18m▄[38;2;4;4;4m[48;2;4;5;4m▀[38;2;1;1;0m[48;2;2;2;1m▀[48;2;1;1;0m▀[38;2;1;1;1m▀[49m               [0m
              [38;2;119;119;117m▀[38;2;120;119;118m▀▀[38;2;119;119;118m▀  [38;2;24;30;16m[48;2;17;21;12m▀[38;2;19;23;13m[48;2;28;37;20m▀[38;2;2;3;2m[48;2;0;0;0m▀[38;2;1;1;0m[48;2;1;1;1m▀[38;2;0;1;0m▄[38;2;0;0;0m[48;2;81;82;82m▀[38;2;24;27;22m[48;2;50;54;47m▀[38;2;30;40;22m[48;2;29;38;22m▀[38;2;16;20;12m[48;2;15;20;13m▀[38;2;22;28;17m[48;2;22;28;17m▀[38;2;18;19;17m[48;2;16;17;16m▀[38;2;25;27;24m[48;2;26;28;25m▀[38;2;7;7;6m[48;2;4;5;4m▀[38;2;9;11;10m[48;2;9;11;9m▀[38;2;10;11;10m[48;2;10;11;10m▀[38;2;0;0;0m[48;2;0;0;0m▀[38;2;1;1;0m[48;2;1;1;0m▀▀[38;2;17;18;16m[48;2;18;17;16m▀[38;2;19;19;17m[48;2;18;19;17m▀[38;2;18;20;18m[48;2;11;12;11m▀[38;2;4;4;4m[48;2;1;1;1m▀[38;2;1;1;0m[48;2;0;1;0m▀[48;2;0;0;0m▀[48;2;1;1;0m▀[49m               [0m
                    [38;2;34;34;34m[48;2;68;68;68m▀[38;2;10;13;7m[48;2;0;0;0m▀[38;2;0;0;0m▀[38;2;1;1;0m[48;2;1;1;0m▀[38;2;15;15;15m[48;2;120;120;120m▀[49m [38;2;60;64;58m[48;2;60;64;58m▀[38;2;28;36;23m[48;2;27;36;22m▀[38;2;15;19;13m[48;2;14;19;11m▀[38;2;21;28;18m[48;2;20;27;16m▀[38;2;16;16;15m[48;2;14;16;14m▀[38;2;26;28;23m[48;2;25;27;24m▀[38;2;11;12;10m[48;2;11;12;10m▀[38;2;9;11;10m[48;2;9;11;10m▀[38;2;10;11;11m▀[38;2;0;0;0m[48;2;0;0;0m▀▀▀[38;2;17;17;16m[48;2;17;18;17m▀[38;2;16;16;15m[48;2;6;6;6m▀[38;2;1;1;1m[48;2;7;9;7m▀[38;2;9;10;10m[48;2;21;27;22m▀[38;2;5;6;6m[48;2;16;18;17m▀[38;2;0;0;0m[48;2;2;2;2m▀[38;2;1;1;0m[48;2;1;1;0m▀[49m               [0m
                     [38;2;0;0;0m[48;2;11;10;11m▀[48;2;11;12;11m▀[38;2;31;30;30m[49m▀  [38;2;60;64;58m[48;2;30;36;26m▀[38;2;23;31;19m[48;2;19;25;16m▀[38;2;13;17;12m[48;2;12;17;11m▀[38;2;19;25;16m[48;2;19;24;16m▀[38;2;14;15;14m[48;2;11;12;11m▀[38;2;24;26;24m[48;2;21;23;20m▀[38;2;4;4;4m[48;2;0;0;0m▀[38;2;9;11;10m[48;2;9;10;10m▀[38;2;10;11;10m[48;2;11;12;11m▀[38;2;0;0;0m[48;2;1;1;1m▀[48;2;0;0;0m▀▀[38;2;13;13;13m[48;2;5;5;5m▀[38;2;1;2;2m[48;2;11;14;10m▀[38;2;25;34;22m[48;2;41;57;34m▀[38;2;29;40;26m[48;2;34;44;27m▀[38;2;19;22;20m[48;2;20;22;20m▀[38;2;3;3;3m[48;2;3;3;3m▀[38;2;5;5;4m[48;2;5;6;5m▀[49m               [0m
                          [38;2;18;25;15m[48;2;17;23;15m▀[38;2;18;24;15m[48;2;17;22;16m▀[38;2;12;16;11m[48;2;12;14;12m▀[38;2;17;23;15m[48;2;16;21;16m▀[38;2;10;11;10m[48;2;8;9;8m▀[38;2;19;21;18m[48;2;10;11;11m▀[38;2;0;0;0m[48;2;0;0;0m▀[38;2;9;10;9m[48;2;9;10;9m▀[38;2;12;13;13m[48;2;12;13;13m▀[38;2;2;2;2m[48;2;2;2;2m▀[38;2;0;0;0m[48;2;0;0;0m▀▀▀[38;2;29;38;25m[48;2;29;40;26m▀[38;2;42;58;34m[48;2;32;44;28m▀[38;2;33;45;28m[48;2;33;46;29m▀[38;2;19;22;19m[48;2;20;22;20m▀[38;2;3;3;3m[48;2;3;3;3m▀[38;2;5;5;5m[48;2;5;5;5m▀[49m               [0m
                         [38;2;111;111;112m▄[38;2;17;22;16m[48;2;20;24;19m▀[38;2;17;20;16m[48;2;16;19;15m▀[38;2;12;13;11m[48;2;11;13;10m▀[38;2;17;19;16m[48;2;15;19;15m▀[38;2;0;0;0m[48;2;0;0;0m▀▀▀[38;2;9;9;9m[48;2;3;3;3m▀[38;2;12;14;13m[48;2;10;11;10m▀[38;2;4;4;4m[48;2;4;4;4m▀[38;2;0;0;0m[48;2;0;0;0m▀▀▀[38;2;34;47;30m[48;2;26;35;24m▀[38;2;15;22;14m[48;2;15;21;13m▀[38;2;34;46;29m[48;2;34;46;29m▀[38;2;19;21;20m[48;2;15;17;15m▀[38;2;2;3;3m[48;2;49;49;49m▀[38;2;116;117;117m[49m▀               [0m
                         [38;2;104;104;104m[48;2;103;104;104m▀[38;2;19;25;19m[48;2;19;24;18m▀[38;2;10;12;10m[48;2;8;11;9m▀[48;2;10;11;10m▀[38;2;15;19;15m[48;2;15;17;15m▀[38;2;0;0;0m[48;2;0;0;0m▀▀▀[38;2;2;3;2m[48;2;5;5;5m▀[38;2;5;6;5m▀[38;2;1;1;1m[48;2;0;0;0m▀[38;2;0;0;0m▀▀▀▀[38;2;17;23;14m[48;2;28;36;25m▀[38;2;29;38;26m[48;2;18;22;18m▀[38;2;17;18;17m[48;2;129;130;130m▀[49m                 [0m
                         [38;2;104;104;104m[48;2;103;104;103m▀[38;2;20;21;18m[48;2;18;21;17m▀[38;2;9;10;9m[48;2;8;10;8m▀[48;2;9;11;9m▄[38;2;14;16;14m[48;2;13;15;13m▀[38;2;0;0;0m[48;2;0;0;0m▀▀▀[48;2;1;1;1m▀[48;2;0;0;0m▀▀▀▀[48;2;1;1;0m▀[48;2;0;0;0m▀[38;2;12;15;12m▀[38;2;76;76;77m[48;2;56;56;56m▀[49m                  [0m
                         [38;2;104;103;103m[48;2;89;90;89m▀[38;2;18;19;16m[48;2;15;17;13m▀[38;2;7;7;7m[48;2;3;3;3m▀[38;2;9;9;9m[48;2;6;6;5m▀[38;2;13;14;13m[48;2;14;15;12m▀[38;2;0;0;0m[48;2;0;0;0m▀▀[48;2;1;1;0m▀[38;2;1;1;1m[48;2;2;3;2m▀[38;2;0;0;0m[48;2;1;1;0m▀[38;2;1;1;0m▀▀[38;2;0;0;0m▀[38;2;2;2;1m▄[38;2;1;1;0m▀▀[38;2;47;47;47m[48;2;48;48;48m▀[49m                  [0m
                         [38;2;9;9;9m[48;2;9;9;8m▀[38;2;15;17;11m[48;2;15;16;12m▀[38;2;3;4;3m[48;2;3;3;3m▀[38;2;4;4;3m[48;2;3;3;2m▀[38;2;13;16;11m[48;2;13;16;11m▀[38;2;0;0;0m[48;2;0;0;0m▀▀[38;2;1;1;1m[48;2;1;2;1m▀[38;2;3;4;3m[48;2;4;4;4m▀[38;2;2;2;1m[48;2;2;2;1m▀[38;2;2;2;0m[48;2;2;2;0m▀[38;2;1;1;0m[48;2;1;1;0m▀▀[38;2;2;2;1m[48;2;2;2;1m▀[38;2;1;1;0m▀[48;2;1;1;0m▀[38;2;28;28;28m▀[49m                  [0m
                         [38;2;10;9;8m[48;2;9;9;8m▀[38;2;12;14;11m[48;2;12;14;10m▀[38;2;1;0;1m[48;2;0;0;0m▀[38;2;1;1;1m[48;2;1;2;1m▀[38;2;13;15;12m[48;2;13;15;12m▀[38;2;0;0;0m[48;2;0;0;0m▀[38;2;1;1;0m▀[38;2;2;2;1m[48;2;2;2;1m▀[38;2;5;5;4m[48;2;5;5;5m▀[38;2;2;2;1m[48;2;2;2;1m▀[38;2;2;2;0m[48;2;2;1;0m▀[38;2;1;1;0m▀[48;2;1;1;0m▀[38;2;2;2;1m[48;2;2;2;1m▀[48;2;2;3;2m▀[38;2;1;1;0m[48;2;1;1;0m▀▀[49m                  [0m
                         [38;2;9;9;8m[48;2;11;11;10m▀[38;2;11;13;11m[48;2;9;11;8m▀[38;2;0;0;1m[48;2;0;1;1m▀[38;2;1;2;1m[48;2;1;1;1m▀[38;2;12;14;12m[48;2;11;12;11m▀[38;2;0;0;0m[48;2;0;0;0m▀[38;2;0;1;0m▀[38;2;1;2;1m[48;2;1;1;1m▀[38;2;5;6;5m[48;2;5;5;5m▀[38;2;2;2;1m[48;2;2;2;1m▀[38;2;2;2;0m▀[38;2;1;1;0m[48;2;1;1;0m▀[48;2;0;1;0m▀[38;2;2;2;1m[48;2;1;1;1m▀[38;2;3;3;2m[48;2;3;3;2m▀[38;2;2;2;1m[48;2;2;2;1m▀[38;2;1;1;0m[48;2;1;1;0m▀[38;2;98;99;99m[49m▄                 [0m
                        [38;2;117;117;117m[48;2;118;118;118m▀[38;2;12;12;11m[48;2;11;13;9m▀[38;2;7;7;6m[48;2;7;6;7m▀[38;2;1;1;0m[48;2;1;1;0m▀▀[38;2;11;11;10m[48;2;10;10;9m▀[38;2;2;2;2m[48;2;2;2;2m▀[38;2;0;0;0m[48;2;1;1;0m▀[38;2;1;1;1m[48;2;1;1;1m▀[38;2;6;6;6m[48;2;6;7;6m▀[38;2;2;2;2m[48;2;2;2;1m▀[38;2;2;2;0m▄[48;2;1;1;0m▄[38;2;0;1;0m[48;2;0;1;0m▀[38;2;1;1;1m[48;2;1;1;1m▀[38;2;2;3;2m[48;2;2;2;2m▀▄[38;2;1;2;1m[48;2;3;3;2m▀[38;2;20;20;19m[48;2;20;20;19m▀[49m                 [0m
                        [38;2;117;118;118m[48;2;117;118;117m▀[38;2;11;12;9m[48;2;11;12;10m▀[38;2;5;6;5m[48;2;3;4;3m▀[38;2;1;1;0m[48;2;1;1;0m▀▀[38;2;8;8;7m[48;2;8;8;7m▀[38;2;2;2;2m[48;2;2;2;2m▀[38;2;0;1;0m[48;2;0;1;0m▀[38;2;3;3;3m[48;2;6;6;5m▀[38;2;8;8;8m[48;2;9;9;8m▀[38;2;2;2;1m[48;2;2;2;1m▀[38;2;2;2;0m[48;2;2;2;0m▀▀[38;2;0;1;0m[48;2;1;1;0m▀[38;2;1;1;1m▀[38;2;2;2;1m[48;2;2;2;2m▀[38;2;3;3;2m[48;2;3;3;2m▀▀[38;2;19;19;19m[48;2;8;8;7m▀[49m                 [0m
                        [38;2;22;22;22m[48;2;7;6;6m▀[38;2;11;12;10m[48;2;11;12;10m▀[38;2;3;3;3m[48;2;3;3;3m▀[38;2;1;1;0m[48;2;1;1;0m▀▀[38;2;7;7;7m[48;2;7;7;6m▀[38;2;3;3;2m[48;2;3;3;3m▀[38;2;1;1;1m[48;2;2;2;1m▀[38;2;7;7;7m[48;2;10;10;9m▀[38;2;9;9;8m[48;2;9;9;8m▀[38;2;2;2;1m[48;2;1;1;0m▀[38;2;2;2;0m▀[38;2;2;1;0m▀[38;2;1;1;0m▀▀[38;2;2;2;1m[48;2;2;1;1m▀[38;2;3;3;2m[48;2;3;3;2m▀[48;2;3;3;1m▀[38;2;1;1;0m[48;2;1;1;0m▀[49m                 [0m
                        [38;2;7;6;6m[48;2;7;6;6m▀[38;2;11;11;10m[48;2;11;11;10m▀[38;2;3;3;3m[48;2;3;3;3m▀[38;2;1;1;0m[48;2;1;1;0m▀▀[38;2;6;6;5m[48;2;5;5;4m▀[38;2;4;4;4m[48;2;4;4;4m▀[38;2;1;1;1m▀[38;2;10;10;9m[48;2;10;10;9m▀[38;2;9;9;9m▀[38;2;1;1;0m[48;2;1;1;0m▀[48;2;0;1;0m▀▀[38;2;0;0;0m▄[38;2;1;1;0m[48;2;1;1;0m▀▀[38;2;3;3;2m[48;2;3;3;2m▀▀[38;2;1;1;1m[48;2;2;2;0m▀[38;2;58;58;57m[49m▄                [0m
                        [38;2;7;6;6m[48;2;6;6;6m▀[38;2;10;11;10m[48;2;10;11;10m▀[38;2;3;3;3m[48;2;3;3;3m▀[38;2;1;1;0m[48;2;1;1;0m▀▀[38;2;4;4;3m[48;2;4;4;4m▀[38;2;8;8;7m▄[38;2;6;6;6m[48;2;9;9;8m▀[38;2;10;10;9m[48;2;10;10;9m▀▀[38;2;2;2;2m[48;2;3;3;2m▀[38;2;0;0;0m[48;2;0;0;0m▀▀▀[38;2;1;1;0m[48;2;1;1;0m▀[38;2;1;1;1m[48;2;1;1;1m▀[38;2;3;3;2m[48;2;3;3;2m▀[38;2;3;3;3m[48;2;3;3;3m▀[38;2;2;2;1m[48;2;2;2;1m▀[38;2;51;51;50m[48;2;51;51;51m▀[49m                [0m
                        [38;2;6;6;6m[48;2;6;6;6m▀[38;2;11;11;10m[48;2;11;11;10m▀[38;2;3;3;3m[48;2;3;3;3m▀[38;2;1;1;0m[48;2;1;1;0m▀▀[38;2;2;2;2m[48;2;1;1;1m▀[38;2;10;10;9m[48;2;10;10;9m▀▀[48;2;10;10;8m▀[48;2;10;10;9m▀[38;2;3;3;3m[48;2;4;4;3m▀[38;2;0;0;0m[48;2;1;1;0m▀[48;2;0;0;0m▀▀[38;2;1;1;0m[48;2;1;1;0m▀[38;2;1;1;1m▀[38;2;3;3;2m[48;2;3;3;2m▀▀[38;2;2;2;1m[48;2;2;2;1m▀[38;2;16;16;15m[48;2;0;1;0m▀[49m                [0m
                        [38;2;7;7;6m▀[38;2;10;11;10m[48;2;3;3;2m▀[38;2;3;3;3m[48;2;1;1;1m▀[38;2;1;1;0m[48;2;1;1;0m▀▀▀[38;2;9;9;8m[48;2;4;4;4m▀[38;2;10;10;9m[48;2;8;8;7m▀[48;2;10;10;8m▄▄[38;2;4;4;4m[48;2;5;5;5m▀[38;2;1;1;0m[48;2;1;1;0m▀▀▀▀▀[38;2;2;2;1m▀▀[38;2;2;2;0m▀[38;2;1;1;0m▀[49m                [0m
                       [38;2;4;5;5m▄[38;2;73;73;73m[48;2;1;1;0m▀[38;2;0;0;0m▀[38;2;1;1;0m▀▀▀▀▀▀[38;2;5;5;4m▀[38;2;6;6;6m▀[38;2;3;3;3m▀[38;2;1;1;0m▀▀▀▀▀▀▀[48;2;2;1;0m▀[48;2;1;1;0m▀[38;2;116;116;116m[48;2;79;80;80m▀[49m               [0m
                       [38;2;5;5;4m[48;2;107;106;106m▀[38;2;1;1;0m[48;2;104;104;104m▀▀[48;2;103;103;103m▀▀[38;2;14;14;14m[49m▀[38;2;47;47;47m▀[38;2;44;44;44m▀[38;2;1;1;1m[48;2;103;103;103m▀[48;2;102;102;103m▀[38;2;1;1;0m[48;2;81;81;81m▀[48;2;12;12;12m▀▀[38;2;2;1;0m[48;2;12;12;13m▀[38;2;1;1;0m[48;2;12;12;12m▀[48;2;11;11;11m▀[38;2;11;11;10m[49m▀[38;2;19;19;19m▀[38;2;20;21;20m▀[38;2;2;2;1m[48;2;115;115;115m▀[38;2;1;1;0m[48;2;110;110;110m▀[38;2;0;0;0m[48;2;109;109;109m▀[49m               [0m
                                                            [0m
                                                            [0m
                                                            [0m
                                                            [0m