                                                            [0m
                                                            [0m
                             [38;2;100;99;182m[48;2;0;1;140m▀[38;2;100;100;183m[48;2;0;1;138m▀[49m                             [0m
                           [38;2;51;51;161m▄[38;2;19;19;145m▀[38;2;176;179;217m[48;2;209;243;246m▀[38;2;160;161;208m[48;2;162;195;241m▀[38;2;23;23;149m[48;2;1;5;207m▀[38;2;52;52;163m[49m▄                           [0m
                           [38;2;51;50;163m[48;2;50;51;162m▀[49m [38;2;49;232;245m[48;2;51;234;247m▀[38;2;14;181;244m[48;2;6;39;239m▀[38;2;1;4;219m[48;2;1;5;217m▀[38;2;51;52;163m[48;2;51;52;163m▀[49m                           [0m
                            [38;2;66;66;167m[48;2;40;41;156m▀[38;2;29;178;225m[48;2;1;1;144m▀[38;2;2;9;219m[48;2;1;0;146m▀[38;2;21;21;168m[48;2;43;44;159m▀[49m                            [0m
                            [38;2;88;88;177m[48;2;87;87;176m▀[38;2;5;36;172m[48;2;8;55;190m▀[38;2;6;36;173m[48;2;7;36;172m▀[38;2;90;91;179m[48;2;89;89;178m▀[49m                            [0m
                            [38;2;85;85;175m[48;2;84;83;174m▀[38;2;1;2;145m[48;2;12;74;204m▀[38;2;1;1;146m[48;2;13;68;195m▀[38;2;87;87;179m[48;2;84;85;177m▀[49m                            [0m
                            [38;2;82;82;173m[48;2;80;80;173m▀[38;2;5;21;162m[48;2;6;41;179m▀[38;2;2;3;146m[48;2;8;41;177m▀[38;2;82;83;176m[48;2;79;81;174m▀[49m                            [0m
                            [38;2;79;78;172m[48;2;76;75;171m▀[38;2;9;55;191m[48;2;1;1;143m▀[38;2;6;35;173m[48;2;1;2;145m▀[38;2;78;78;175m[48;2;76;77;175m▀[49m                            [0m
                            [38;2;74;73;169m[48;2;72;71;169m▀[38;2;11;73;206m[48;2;3;12;153m▀[38;2;11;57;194m[48;2;1;0;145m▀[38;2;75;75;172m[48;2;73;73;173m▀[49m                            [0m
                       [38;2;27;28;152m[48;2;50;49;166m▀[38;2;84;83;175m[49m▄[38;2;92;91;179m▄[38;2;92;92;178m▄[38;2;93;91;179m▄[38;2;70;68;170m[48;2;26;25;151m▀[38;2;7;58;185m[48;2;5;41;170m▀[38;2;7;58;184m[48;2;6;39;169m▀[38;2;70;71;172m[48;2;26;25;151m▀[38;2;93;92;178m[49m▄[38;2;92;91;178m▄▄[38;2;85;84;176m▄[38;2;28;29;151m[48;2;50;50;165m▀[49m                       [0m
                      [38;2;14;61;171m▄[38;2;50;235;246m▄[38;2;11;11;145m[48;2;32;209;235m▀[38;2;1;1;143m[49m▀[38;2;0;1;143m[48;2;231;232;241m▀[38;2;0;0;141m[48;2;232;233;242m▀[38;2;0;1;139m[48;2;231;232;242m▀[38;2;1;0;139m[48;2;233;233;242m▀[48;2;232;232;242m▀[38;2;0;1;139m[48;2;231;231;242m▀[38;2;0;0;139m[48;2;232;232;242m▀[38;2;0;0;140m[48;2;231;232;241m▀[38;2;0;0;143m[48;2;137;190;242m▀[38;2;16;16;148m[48;2;98;177;241m▀[38;2;253;252;253m[48;2;56;234;246m▀[38;2;145;145;203m[48;2;14;55;167m▀[49m                      [0m
                      [38;2;11;52;171m▀[38;2;17;184;249m[48;2;3;73;249m▀[38;2;27;161;217m[48;2;1;2;146m▀[38;2;1;1;141m[49m▄[38;2;178;177;218m[48;2;1;2;142m▀[38;2;178;178;218m[48;2;1;1;142m▀[38;2;178;177;216m[48;2;1;1;140m▀[38;2;177;177;218m[48;2;1;1;145m▀[38;2;178;178;218m[48;2;2;1;144m▀[38;2;178;177;218m[48;2;1;2;143m▀[38;2;178;177;217m[48;2;2;1;143m▀[48;2;1;1;143m▀[38;2;109;146;218m[48;2;0;1;141m▀[38;2;78;140;222m[48;2;1;5;149m▀[38;2;18;192;248m[48;2;5;99;249m▀[38;2;12;52;168m[49m▀                      [0m
                       [38;2;2;4;156m[48;2;95;95;181m▀[49m  [38;2;127;129;195m▀[38;2;15;15;144m[48;2;23;23;148m▀[38;2;136;146;202m[48;2;239;251;252m▀[38;2;13;131;202m[48;2;15;228;246m▀[38;2;4;52;205m[48;2;9;145;249m▀[38;2;49;99;205m[48;2;83;179;254m▀[38;2;7;11;146m[48;2;12;18;150m▀[38;2;123;124;193m[49m▀  [38;2;1;6;150m[48;2;94;95;181m▀[49m                       [0m
                        [38;2;129;128;194m▄[38;2;130;129;195m▄[38;2;113;113;188m▄[38;2;22;21;149m[48;2;21;19;147m▀[38;2;240;252;252m[48;2;242;251;252m▀[38;2;14;230;245m[48;2;13;229;243m▀[38;2;12;209;244m[48;2;8;135;248m▀[38;2;84;171;253m[48;2;81;159;253m▀[38;2;11;18;149m[48;2;11;16;150m▀[38;2;111;110;187m[49m▄[38;2;128;127;195m▄[38;2;129;128;196m▄                        [0m
                       [38;2;100;99;182m▄[38;2;1;1;141m[48;2;116;117;190m▀[38;2;1;2;143m[48;2;114;116;191m▀[38;2;2;2;143m[48;2;104;105;186m▀[38;2;18;18;146m[48;2;15;16;144m▀[38;2;243;252;252m[48;2;243;251;253m▀[38;2;16;227;245m[48;2;17;226;246m▀[38;2;3;59;252m[48;2;2;52;251m▀[38;2;79;160;254m[48;2;79;159;253m▀[38;2;9;15;150m[48;2;8;13;148m▀[38;2;1;1;143m[48;2;11;84;186m▀[38;2;1;2;144m[48;2;10;63;192m▀[48;2;2;5;188m▀[38;2;65;66;179m[49m▄                       [0m
                      [38;2;85;87;177m▄[38;2;73;73;172m▀   [38;2;14;14;142m[48;2;13;13;142m▀[38;2;242;250;252m[48;2;242;249;252m▀[38;2;16;226;246m[48;2;16;227;246m▀[38;2;1;51;251m[48;2;2;51;251m▀[38;2;79;160;253m[48;2;82;163;253m▀[38;2;7;12;148m[48;2;7;13;147m▀[38;2;15;187;240m[48;2;89;207;232m▀[38;2;10;139;245m[48;2;69;155;237m▀[38;2;1;6;242m[48;2;0;4;244m▀[38;2;1;2;171m[48;2;1;4;230m▀[38;2;12;13;176m[49m▄                      [0m
                    [38;2;93;93;178m▄[38;2;116;115;188m[48;2;94;95;181m▀[38;2;102;103;184m[49m▀ [38;2;29;64;178m▄[38;2;128;233;241m[48;2;114;233;240m▀[38;2;126;219;233m[48;2;101;218;235m▀[38;2;11;10;141m[48;2;9;9;144m▀[38;2;241;248;251m[48;2;240;246;251m▀[38;2;18;227;246m[48;2;19;228;244m▀[38;2;3;50;251m[48;2;3;49;252m▀[38;2;81;163;253m[48;2;82;163;253m▀[38;2;7;13;146m[48;2;6;11;145m▀[38;2;108;212;229m[48;2;110;212;229m▀[38;2;103;183;238m[48;2;143;234;241m▀[38;2;48;81;239m[48;2;153;235;242m▀[38;2;15;26;239m[48;2;43;69;239m▀[38;2;2;3;184m[48;2;2;5;244m▀[38;2;106;106;190m[48;2;1;4;180m▀[38;2;95;97;182m[49m▄                    [0m
                    [38;2;91;91;178m[48;2;89;90;177m▀[38;2;98;99;182m[48;2;99;99;183m▀[49m [38;2;108;108;191m[48;2;60;67;177m▀[38;2;182;192;225m[48;2;215;246;247m▀[38;2;193;240;241m[48;2;207;242;243m▀[38;2;185;229;236m[48;2;200;233;239m▀[38;2;8;8;144m[48;2;9;9;142m▀[38;2;240;245;250m[48;2;239;244;249m▀[38;2;20;228;245m[48;2;20;229;244m▀[38;2;6;51;249m[48;2;9;53;248m▀[38;2;84;167;254m[48;2;94;178;253m▀[38;2;5;11;145m[48;2;5;11;145m▀[38;2;118;217;230m[48;2;112;215;230m▀[38;2;146;236;240m[48;2;143;235;240m▀[38;2;157;238;242m[48;2;153;237;240m▀[38;2;44;69;242m[48;2;39;66;239m▀[38;2;2;7;247m[48;2;2;8;246m▀[38;2;2;4;185m[48;2;3;4;185m▀[38;2;93;95;182m[48;2;92;93;182m▀[49m                    [0m
                    [38;2;87;87;177m[48;2;86;86;175m▀[38;2;99;100;184m[48;2;100;100;183m▀[49m [38;2;10;58;176m▀[38;2;78;220;246m[48;2;73;220;243m▀[38;2;202;241;242m[48;2;202;240;242m▀[38;2;197;234;241m[48;2;201;234;241m▀[38;2;12;11;142m[48;2;10;11;141m▀[38;2;237;242;248m[48;2;236;239;246m▀[38;2;21;229;245m[48;2;23;230;246m▀[38;2;8;60;245m[48;2;10;66;243m▀[38;2;118;196;251m[48;2;128;205;251m▀[38;2;5;9;144m[48;2;5;10;141m▀[38;2;115;216;232m[48;2;115;218;233m▀[38;2;141;234;240m[48;2;146;236;241m▀[38;2;151;237;241m[48;2;148;236;240m▀[38;2;41;67;241m[48;2;38;70;243m▀[38;2;2;8;247m[48;2;2;7;246m▀[38;2;3;4;187m[48;2;2;3;187m▀[38;2;90;91;180m[48;2;88;89;180m▀[49m                    [0m
                    [38;2;83;83;173m[48;2;81;82;173m▀[38;2;102;102;183m[48;2;103;103;183m▀[49m [38;2;68;70;175m▄[38;2;99;226;245m▀[38;2;207;243;245m[48;2;205;241;242m▀[38;2;204;236;243m[48;2;204;238;241m▀[38;2;10;11;143m[48;2;12;13;144m▀[38;2;236;239;246m[48;2;235;237;246m▀[38;2;22;230;245m[48;2;23;230;244m▀[38;2;14;72;243m[48;2;15;84;243m▀[38;2;133;210;252m[48;2;143;216;251m▀[38;2;6;10;142m[48;2;6;10;143m▀[38;2;114;219;232m[48;2;114;222;235m▀[38;2;142;236;240m[48;2;133;233;240m▀[38;2;153;238;242m[48;2;72;120;228m▀[38;2;39;69;239m[48;2;9;18;235m▀[38;2;2;7;246m[48;2;2;6;246m▀[38;2;2;4;186m[48;2;3;4;186m▀[38;2;86;87;179m[48;2;84;84;178m▀[49m                    [0m
                    [38;2;79;80;171m[48;2;77;77;170m▀[38;2;104;104;185m[48;2;106;106;186m▀[49m [38;2;69;69;176m[48;2;69;69;176m▀[49m [38;2;205;241;243m[48;2;207;242;244m▀[38;2;202;240;244m[48;2;204;241;245m▀[38;2;11;13;144m[48;2;11;14;145m▀[38;2;233;235;245m[48;2;232;234;244m▀[38;2;25;230;245m[48;2;26;230;244m▀[38;2;18;95;244m[48;2;21;106;245m▀[38;2;147;217;249m[48;2;146;216;248m▀[38;2;5;10;141m[48;2;4;9;138m▀[38;2;123;224;234m[48;2;124;227;237m▀[38;2;134;235;241m[48;2;139;238;239m▀[38;2;65;117;232m[48;2;146;240;239m▀[38;2;25;44;233m[48;2;145;238;241m▀[38;2;6;13;244m[48;2;31;57;239m▀[38;2;2;3;185m[48;2;1;3;185m▀[38;2;81;82;176m[48;2;79;80;175m▀[49m                    [0m
                    [38;2;74;75;170m[48;2;72;72;168m▀[38;2;107;107;187m[48;2;107;107;188m▀[49m  [38;2;202;240;242m▄[38;2;199;241;243m[48;2;198;240;241m▀[38;2;207;241;245m[48;2;207;243;245m▀[38;2;15;15;146m[48;2;15;17;144m▀[38;2;232;232;243m[48;2;229;231;241m▀[38;2;26;231;245m[48;2;28;231;244m▀[38;2;21;122;243m[48;2;25;136;243m▀[38;2;142;214;248m[49m▀[38;2;5;9;139m[48;2;4;9;140m▀[38;2;137;229;237m[48;2;133;230;237m▀[38;2;146;239;238m[48;2;155;240;238m▀[38;2;146;238;239m[48;2;146;239;240m▀[38;2;146;237;240m[48;2;143;237;239m▀[38;2;34;54;239m[48;2;29;56;239m▀[38;2;2;3;186m[48;2;2;3;187m▀[38;2;77;78;174m[48;2;75;76;174m▀[49m                    [0m
                    [38;2;70;69;167m[48;2;67;66;168m▀[38;2;109;108;186m[48;2;49;50;161m▀[38;2;146;151;204m[49m▄[38;2;217;243;244m▄[38;2;189;239;243m[48;2;193;239;241m▀[38;2;198;240;242m[48;2;200;241;243m▀[38;2;207;242;245m[48;2;205;242;245m▀[38;2;17;18;144m[48;2;19;20;146m▀[38;2;228;229;240m[48;2;227;228;241m▀[38;2;28;232;245m[48;2;30;232;245m▀[38;2;27;145;244m[48;2;27;156;242m▀[49m [38;2;5;9;141m[48;2;7;11;144m▀[38;2;138;232;238m[48;2;140;234;241m▀[38;2;152;240;241m[48;2;146;237;240m▀[38;2;144;238;242m[48;2;152;238;241m▀[38;2;87;160;231m[48;2;37;69;229m▀[38;2;86;115;233m[48;2;145;188;232m▀[38;2;15;20;177m[48;2;33;44;164m▀[38;2;73;75;174m[48;2;71;73;173m▀[49m                    [0m
                    [38;2;65;65;167m[48;2;63;62;166m▀[38;2;1;1;142m[48;2;41;42;157m▀[38;2;59;67;169m[48;2;99;109;187m▀[38;2;210;242;243m[48;2;220;246;245m▀[38;2;202;240;243m[48;2;214;244;244m▀[38;2;197;241;241m[48;2;206;244;243m▀[38;2;205;241;242m[48;2;206;244;244m▀[38;2;20;21;146m[48;2;22;22;148m▀[49m [38;2;31;232;244m[48;2;32;231;245m▀[38;2;30;168;244m[48;2;27;172;243m▀[49m [38;2;7;13;144m[48;2;8;14;145m▀[38;2;141;235;241m[48;2;146;235;240m▀[38;2;154;238;241m[48;2;161;238;240m▀[38;2;152;239;241m[48;2;161;238;241m▀[38;2;43;69;230m[48;2;44;71;233m▀[38;2;141;185;236m[48;2;92;121;234m▀[38;2;32;44;164m[48;2;21;30;163m▀[38;2;70;70;172m[48;2;67;69;171m▀[49m                    [0m
                    [38;2;61;60;165m[48;2;58;57;165m▀[49m  [38;2;213;244;244m[48;2;210;244;244m▀[38;2;215;244;244m[48;2;217;246;246m▀[38;2;210;243;243m[48;2;220;246;246m▀[38;2;203;242;243m[48;2;212;243;245m▀[38;2;25;25;149m[48;2;26;26;149m▀[38;2;221;222;238m[49m▄[38;2;34;233;245m[48;2;33;232;245m▀[38;2;29;173;244m[48;2;32;179;244m▀[49m [38;2;10;16;146m[48;2;10;18;147m▀[38;2;143;236;241m[48;2;149;238;241m▀[38;2;158;238;241m[48;2;167;241;241m▀[38;2;164;237;241m[48;2;168;239;241m▀[38;2;51;72;240m[48;2;47;72;238m▀[38;2;1;5;242m[48;2;2;6;245m▀[38;2;1;2;169m[48;2;1;3;168m▀[49m                     [0m
                    [38;2;5;5;143m[48;2;1;1;143m▀[49m  [38;2;200;241;243m[48;2;199;239;242m▀[38;2;215;246;245m[48;2;204;243;244m▀[38;2;226;247;246m[48;2;220;246;245m▀[38;2;219;245;245m[48;2;221;246;247m▀[38;2;27;29;150m[48;2;29;30;152m▀[38;2;220;220;237m[48;2;219;219;237m▀[38;2;35;232;246m[48;2;35;232;246m▀[38;2;31;183;242m[48;2;32;187;244m▀[49m [38;2;12;19;147m[48;2;13;21;145m▀[38;2;152;236;240m[48;2;152;237;242m▀[38;2;166;239;241m[48;2;163;237;243m▀[38;2;171;239;242m[48;2;128;170;235m▀[38;2;45;70;237m[48;2;26;37;234m▀[38;2;1;4;245m[48;2;61;92;236m▀[38;2;1;1;170m[48;2;15;23;164m▀[49m                     [0m
                    [38;2;1;2;142m[48;2;7;7;143m▀[49m  [38;2;200;240;243m[48;2;199;240;242m▀[38;2;199;242;244m▀[38;2;202;242;242m[48;2;199;241;241m▀[38;2;223;246;246m[48;2;210;243;245m▀[38;2;31;33;152m[48;2;32;35;154m▀[38;2;217;217;236m[48;2;216;215;235m▀[38;2;37;232;246m[48;2;38;231;246m▀[38;2;32;192;245m[48;2;33;193;246m▀[38;2;222;223;238m[49m▄[38;2;14;22;146m[48;2;15;25;150m▀[38;2;161;238;242m[48;2;161;236;240m▀[38;2;165;236;242m[48;2;170;236;241m▀[38;2;77;102;228m[48;2;188;228;241m▀[38;2;0;2;233m[48;2;55;66;227m▀[38;2;124;186;239m[48;2;117;184;236m▀[38;2;27;44;162m[48;2;124;193;221m▀[38;2;67;67;167m[48;2;2;2;140m▀[49m                    [0m
                    [38;2;21;20;149m[48;2;23;23;149m▀[49m  [38;2;206;242;243m[48;2;208;244;244m▀[38;2;202;240;242m[48;2;201;242;244m▀[38;2;204;241;241m[48;2;207;242;244m▀[38;2;205;241;242m[48;2;210;242;244m▀[38;2;33;36;153m[48;2;36;38;155m▀[38;2;214;214;234m[48;2;213;213;234m▀[38;2;39;232;245m[48;2;39;232;244m▀[38;2;34;196;246m[48;2;38;202;245m▀[38;2;220;221;237m[48;2;219;219;237m▀[38;2;18;28;150m[48;2;22;31;151m▀[38;2;174;239;242m[48;2;177;240;241m▀[38;2;175;238;241m[48;2;178;240;242m▀[38;2;192;241;243m[48;2;182;239;242m▀[38;2;153;190;237m[48;2;123;154;232m▀[38;2;149;219;240m[48;2;145;213;236m▀[38;2;150;228;238m[48;2;158;231;240m▀[38;2;2;5;142m[48;2;6;8;144m▀[49m                    [0m
                    [38;2;26;26;151m[48;2;29;30;152m▀[49m  [38;2;198;240;241m[48;2;198;241;242m▀[38;2;201;240;243m[48;2;201;241;243m▀[38;2;201;239;242m[48;2;206;242;243m▀[38;2;209;242;244m[48;2;208;242;245m▀[38;2;39;40;158m[48;2;41;42;157m▀[38;2;211;211;234m[48;2;210;209;233m▀[38;2;39;232;244m[48;2;40;232;245m▀[38;2;39;204;245m[48;2;36;205;245m▀[38;2;218;218;236m[48;2;216;216;236m▀[38;2;23;31;153m[48;2;22;34;153m▀[38;2;173;238;241m[48;2;171;238;241m▀[38;2;177;240;242m[48;2;172;240;241m▀[38;2;182;241;244m[48;2;168;240;242m▀[38;2;54;70;228m[48;2;148;221;237m▀[38;2;130;183;233m[48;2;150;229;239m▀[38;2;169;234;239m[48;2;151;234;241m▀[38;2;9;12;146m[48;2;11;17;146m▀[49m                    [0m
                    [38;2;33;34;153m[48;2;36;37;155m▀[49m  [38;2;199;241;243m[48;2;191;240;243m▀[38;2;200;241;243m[48;2;199;242;244m▀[38;2;202;240;243m[48;2;202;241;244m▀[38;2;206;240;242m[48;2;204;241;244m▀[38;2;41;44;158m[48;2;43;46;158m▀[38;2;208;208;233m[48;2;206;206;230m▀[38;2;40;232;245m[48;2;41;232;245m▀[38;2;39;208;244m[48;2;39;209;244m▀[38;2;215;214;234m[48;2;214;213;233m▀[38;2;23;36;152m[48;2;27;40;155m▀[38;2;173;238;241m[48;2;174;239;241m▀[38;2;177;241;242m[48;2;173;240;240m▀[38;2;171;241;242m[48;2;168;240;242m▀[38;2;161;240;242m[48;2;168;242;242m▀[38;2;152;237;242m[48;2;159;239;240m▀[38;2;146;236;241m[48;2;155;236;242m▀[38;2;11;20;150m[48;2;15;25;151m▀[49m                    [0m
                    [38;2;40;41;158m[48;2;44;44;158m▀[49m [38;2;50;62;169m▄[38;2;187;238;241m[48;2;189;239;243m▀[38;2;192;239;242m[48;2;198;240;243m▀[38;2;199;240;243m[48;2;200;241;244m▀[38;2;202;239;244m[48;2;200;240;244m▀[38;2;44;47;160m[48;2;44;49;159m▀[38;2;204;204;230m[48;2;203;203;230m▀[38;2;43;233;244m[48;2;43;233;245m▀[38;2;40;209;244m[48;2;40;211;245m▀[38;2;211;210;233m[48;2;207;207;231m▀[38;2;28;41;156m[48;2;31;43;155m▀[38;2;172;240;240m[48;2;175;242;242m▀[38;2;174;240;240m[48;2;174;241;240m▀[38;2;172;241;241m[48;2;169;241;241m▀[38;2;169;242;240m[48;2;167;240;240m▀[38;2;162;240;243m[48;2;124;175;235m▀[38;2;157;237;242m[48;2;111;164;233m▀[38;2;15;28;152m[48;2;14;20;155m▀[49m                    [0m
                    [38;2;48;48;161m[48;2;53;52;163m▀[49m [38;2;57;62;172m[48;2;61;63;174m▀[38;2;199;240;243m[48;2;222;246;245m▀[38;2;201;241;243m[48;2;198;240;244m▀[38;2;200;240;244m[48;2;205;241;244m▀[38;2;200;239;245m[48;2;202;239;244m▀[38;2;45;50;161m[48;2;47;52;163m▀[38;2;202;202;229m[48;2;201;200;229m▀[38;2;44;234;245m[48;2;46;234;246m▀[38;2;37;213;248m[48;2;36;213;251m▀[38;2;206;206;229m[48;2;204;204;228m▀[38;2;26;45;157m[48;2;30;48;157m▀[38;2;164;240;241m[48;2;160;240;239m▀[38;2;171;241;240m[48;2;164;240;240m▀[38;2;178;243;243m[48;2;168;241;242m▀[38;2;168;240;242m[48;2;167;240;241m▀[38;2;34;50;238m[48;2;36;53;239m▀[38;2;1;4;242m[48;2;1;5;244m▀[38;2;1;2;160m[48;2;1;2;161m▀[49m                    [0m
                   [38;2;128;127;194m▄[38;2;56;56;165m[48;2;59;59;165m▀[49m [38;2;156;158;214m[48;2;194;193;232m▀[38;2;113;122;203m[48;2;62;71;186m▀[38;2;205;241;245m[48;2;224;247;246m▀[38;2;202;240;243m[48;2;207;241;244m▀[38;2;205;240;244m[48;2;204;241;244m▀[38;2;49;54;162m[48;2;50;56;162m▀[38;2;199;199;228m[48;2;197;197;226m▀[38;2;47;233;245m[48;2;48;233;246m▀[38;2;36;212;249m[48;2;38;211;250m▀[38;2;204;203;227m[48;2;202;200;227m▀[38;2;37;51;159m[48;2;33;53;158m▀[38;2;160;239;240m[48;2;157;239;241m▀[38;2;164;240;240m[48;2;164;240;240m▀[38;2;167;240;241m[48;2;169;241;243m▀[38;2;166;240;242m[48;2;173;241;243m▀[38;2;48;76;235m[48;2;48;77;236m▀[38;2;4;11;242m[48;2;4;11;242m▀[38;2;1;2;164m[48;2;1;3;166m▀[38;2;128;129;196m[49m▄                   [0m
                   [38;2;124;123;193m[48;2;120;119;191m▀[38;2;62;63;167m[48;2;66;67;169m▀[49m [38;2;99;217;243m[48;2;93;212;242m▀[38;2;147;149;214m[48;2;147;147;218m▀[38;2;99;114;199m[48;2;118;130;208m▀[38;2;200;240;243m[48;2;197;243;243m▀[38;2;203;242;244m[48;2;201;243;246m▀[38;2;56;61;164m[48;2;57;61;164m▀[38;2;195;194;226m[48;2;194;193;226m▀[38;2;48;233;245m[48;2;48;233;244m▀[38;2;39;213;249m[48;2;43;227;248m▀[38;2;199;198;227m[48;2;197;196;226m▀[38;2;34;55;161m[48;2;40;58;162m▀[38;2;156;238;242m[48;2;157;237;241m▀[38;2;165;240;242m[48;2;138;197;236m▀[38;2;164;238;243m[48;2;144;205;235m▀[38;2;72;105;230m[48;2;84;117;231m▀[38;2;25;44;232m[48;2;23;44;234m▀[38;2;7;15;241m[48;2;6;15;240m▀[38;2;1;3;166m[48;2;2;3;168m▀[38;2;123;124;195m[48;2;119;120;193m▀[49m                   [0m
                   [38;2;116;115;188m[48;2;112;110;187m▀[38;2;69;70;169m[48;2;37;66;171m▀[38;2;118;213;248m[49m▄[38;2;165;185;229m[48;2;66;145;242m▀[38;2;70;73;206m[48;2;62;142;235m▀[38;2;226;247;247m[48;2;195;241;243m▀[38;2;194;239;241m[48;2;186;239;241m▀[38;2;193;239;242m[48;2;192;241;244m▀[38;2;54;65;166m[48;2;73;93;179m▀[38;2;183;184;220m[48;2;139;140;202m▀[38;2;67;232;245m[48;2;113;239;246m▀[38;2;60;231;247m[48;2;109;235;247m▀[38;2;186;186;220m[48;2;142;141;200m▀[38;2;44;63;166m[48;2;61;91;179m▀[38;2;163;237;242m[48;2;165;238;239m▀[38;2;78;112;231m[48;2;84;156;238m▀[38;2;92;132;234m[48;2;41;75;235m▀[38;2;185;241;239m[48;2;56;80;231m▀[38;2;52;76;233m[48;2;29;46;234m▀[38;2;7;14;241m[48;2;7;15;238m▀[38;2;1;2;171m[48;2;1;3;169m▀[38;2;115;116;190m[48;2;110;112;189m▀[49m                   [0m
                   [38;2;107;107;184m[48;2;102;102;182m▀[38;2;10;62;173m[48;2;11;66;175m▀[38;2;36;196;249m[48;2;74;215;251m▀[38;2;48;137;247m[48;2;192;194;244m▀[38;2;41;151;245m[48;2;8;50;239m▀[38;2;112;190;240m[48;2;19;104;237m▀[38;2;106;181;239m[48;2;16;96;240m▀[38;2;110;194;243m[48;2;24;147;245m▀[38;2;59;113;199m[48;2;21;123;226m▀[38;2;83;84;177m[48;2;22;22;151m▀[38;2;165;242;248m[48;2;216;243;245m▀[38;2;165;242;250m[48;2;220;242;247m▀[38;2;83;82;177m[48;2;20;20;145m▀[38;2;23;83;204m[48;2;18;103;228m▀[38;2;43;146;245m[48;2;25;131;245m▀[38;2;51;146;243m[48;2;45;143;243m▀[38;2;24;62;240m[48;2;23;63;243m▀[38;2;16;31;237m[48;2;14;28;236m▀[38;2;27;44;235m[48;2;23;40;233m▀[38;2;9;18;240m[48;2;9;18;240m▀[38;2;2;3;173m[48;2;1;3;174m▀[38;2;107;108;189m[48;2;102;102;186m▀[49m                   [0m
                   [38;2;98;97;180m[48;2;63;63;165m▀[38;2;11;66;176m[48;2;10;47;167m▀[38;2;36;190;250m[48;2;19;125;219m▀[38;2;60;108;247m[48;2;4;53;219m▀[38;2;9;51;240m[48;2;6;36;209m▀[38;2;25;151;243m[48;2;19;120;211m▀[38;2;26;143;244m[48;2;17;115;214m▀[38;2;27;153;246m[48;2;19;107;215m▀[38;2;28;152;244m[48;2;18;108;214m▀[38;2;4;16;152m[48;2;8;33;162m▀[38;2;200;199;227m[48;2;138;139;200m▀[38;2;195;195;225m[48;2;133;132;196m▀[38;2;4;17;153m[48;2;7;30;164m▀[38;2;23;125;245m[48;2;18;88;216m▀[38;2;31;134;246m[48;2;18;91;216m▀[38;2;50;150;243m[48;2;31;99;214m▀[38;2;25;66;243m[48;2;15;43;212m▀[38;2;16;29;237m[48;2;10;20;205m▀[38;2;26;43;233m[48;2;17;29;203m▀[38;2;8;14;241m[48;2;5;9;210m▀[38;2;2;3;176m[48;2;2;2;165m▀[38;2;97;98;184m[48;2;63;63;168m▀[49m                   [0m
                [38;2;112;112;189m▄[38;2;1;1;142m[48;2;115;116;189m▀[38;2;1;2;141m▀[38;2;1;1;142m[48;2;115;117;189m▀[38;2;2;1;142m▀[38;2;0;2;140m[48;2;114;115;188m▀[38;2;0;1;141m[48;2;114;115;189m▀[38;2;1;1;140m[48;2;115;116;188m▀[38;2;2;0;140m[48;2;114;116;189m▀[38;2;1;1;141m[48;2;115;117;189m▀[38;2;1;0;140m[48;2;115;117;188m▀[38;2;2;1;142m[48;2;114;115;189m▀[38;2;1;2;142m[48;2;114;116;188m▀[38;2;44;44;158m[48;2;113;115;188m▀[38;2;41;40;156m[48;2;114;115;188m▀[38;2;2;1;142m[48;2;114;116;189m▀[38;2;1;1;141m[48;2;113;114;189m▀[48;2;111;113;188m▀[38;2;0;0;142m[48;2;110;111;188m▀[38;2;0;1;142m[48;2;111;113;187m▀[38;2;1;1;142m[48;2;111;112;187m▀[38;2;1;1;143m[48;2;113;114;187m▀[38;2;1;1;142m[48;2;114;114;189m▀[38;2;1;1;143m[48;2;114;115;190m▀[38;2;1;2;141m[48;2;114;115;188m▀[38;2;1;2;140m[48;2;18;20;187m▀[38;2;1;2;143m[48;2;2;4;189m▀[38;2;63;65;187m[49m▄                [0m
               [38;2;74;73;173m[48;2;74;73;174m▀[38;2;109;109;189m[48;2;109;109;189m▀[38;2;254;254;254m[48;2;249;252;252m▀[48;2;232;248;248m▀[48;2;233;248;248m▀[48;2;235;249;249m▀[48;2;234;247;248m▀[48;2;232;247;249m▀[48;2;227;248;248m▀[48;2;225;246;247m▀[48;2;223;247;248m▀[48;2;220;246;248m▀[38;2;254;253;254m[48;2;221;246;248m▀[38;2;254;254;254m[48;2;222;246;248m▀[38;2;253;254;254m[48;2;220;246;247m▀[38;2;254;254;254m▀[48;2;220;248;249m▀[48;2;218;248;249m▀[48;2;216;247;249m▀[48;2;215;247;248m▀[48;2;212;245;247m▀[38;2;253;253;253m[48;2;215;246;247m▀[38;2;203;248;251m[48;2;131;238;244m▀[38;2;191;246;249m[48;2;113;236;242m▀[38;2;254;254;254m[48;2;209;246;245m▀[38;2;253;253;252m[48;2;112;116;238m▀[38;2;39;42;241m[48;2;18;23;239m▀[38;2;1;4;247m[48;2;3;7;246m▀[38;2;2;4;186m[48;2;2;4;187m▀[38;2;72;73;172m[48;2;73;73;173m▀[49m               [0m
               [38;2;74;73;174m[48;2;72;72;174m▀[38;2;108;108;189m[48;2;109;109;190m▀[38;2;242;249;250m[48;2;242;250;250m▀[38;2;207;239;241m[48;2;207;241;244m▀[38;2;209;241;243m[48;2;202;241;245m▀[38;2;208;241;244m[48;2;208;243;246m▀[38;2;210;240;243m[48;2;205;243;246m▀[38;2;204;239;243m[48;2;204;241;245m▀[38;2;194;239;240m[48;2;194;240;243m▀[38;2;188;238;238m[48;2;189;240;242m▀[38;2;178;237;240m[48;2;180;239;243m▀[38;2;173;235;240m[48;2;177;238;242m▀[38;2;175;237;241m[48;2;176;239;244m▀[38;2;173;238;242m[48;2;176;240;245m▀[38;2;168;238;240m[48;2;176;240;242m▀[38;2;169;239;240m[48;2;173;240;241m▀[38;2;160;238;240m[48;2;160;239;242m▀[38;2;157;238;241m[48;2;156;240;242m▀[38;2;145;236;242m[48;2;144;236;242m▀[38;2;133;236;242m[48;2;156;236;242m▀[38;2;153;237;242m[48;2;170;239;241m▀[38;2;162;239;242m[48;2;162;237;240m▀[38;2;156;239;241m[48;2;152;237;241m▀[38;2;160;239;240m[48;2;160;236;240m▀[38;2;133;191;236m[48;2;24;43;237m▀[38;2;19;27;239m[48;2;1;4;243m▀[38;2;9;20;239m[48;2;12;21;239m▀[38;2;8;14;242m[48;2;8;17;243m▀[38;2;2;4;188m[48;2;2;3;187m▀[38;2;72;73;173m[48;2;72;72;173m▀[49m               [0m
               [38;2;31;32;155m[48;2;16;16;145m▀[38;2;35;35;157m[48;2;1;1;140m▀[38;2;75;78;171m[48;2;0;0;140m▀[38;2;68;77;171m[48;2;1;1;142m▀[38;2;67;77;171m[48;2;0;1;141m▀[38;2;66;77;171m[48;2;1;1;141m▀[38;2;63;77;171m[48;2;1;1;140m▀[38;2;61;77;169m[48;2;1;1;139m▀[38;2;61;76;169m[48;2;1;1;140m▀[38;2;59;75;169m[48;2;1;1;139m▀[38;2;61;75;170m[48;2;1;1;140m▀[38;2;58;76;170m[48;2;1;1;139m▀[38;2;57;77;171m▀[38;2;56;74;171m[48;2;1;1;140m▀[38;2;59;74;170m[48;2;1;1;139m▀[38;2;58;73;172m[48;2;1;1;141m▀[38;2;57;76;170m▀[38;2;55;76;171m▀[38;2;52;77;170m[48;2;1;1;140m▀[38;2;54;74;169m[48;2;1;1;141m▀[38;2;55;74;171m[48;2;1;1;143m▀[38;2;56;76;172m[48;2;1;2;146m▀[38;2;53;76;173m[48;2;1;2;147m▀[38;2;55;77;172m[48;2;1;1;143m▀[38;2;12;15;173m[48;2;1;1;140m▀[38;2;1;3;174m[48;2;1;2;140m▀[38;2;5;9;174m[48;2;1;1;143m▀[38;2;4;7;172m[48;2;1;3;145m▀[38;2;2;2;158m[48;2;1;2;146m▀[38;2;32;33;155m[48;2;17;18;151m▀[49m               [0m
              [38;2;32;32;153m[48;2;37;38;154m▀[38;2;173;173;214m[48;2;212;213;233m▀[38;2;213;213;233m[48;2;250;249;252m▀[38;2;213;214;233m[48;2;253;253;252m▀[38;2;212;213;233m[48;2;251;251;253m▀[38;2;212;213;232m[48;2;253;253;253m▀[38;2;212;213;233m▀[38;2;213;214;233m[48;2;253;254;253m▀[38;2;212;214;233m▀[38;2;212;213;234m[48;2;252;254;253m▀[38;2;213;213;233m[48;2;253;253;253m▀[48;2;252;253;253m▀[38;2;213;214;234m[48;2;253;253;253m▀[38;2;214;214;234m▀▀[38;2;214;215;233m[48;2;253;254;253m▀[38;2;213;214;233m▀[38;2;214;215;234m[48;2;254;253;252m▀[38;2;214;214;234m[48;2;253;254;253m▀▀[38;2;213;213;233m[48;2;251;251;252m▀[38;2;122;123;224m[48;2;141;142;243m▀[38;2;2;5;228m[48;2;2;5;245m▀[38;2;2;4;224m[48;2;12;15;235m▀[38;2;195;196;231m[48;2;235;235;250m▀[38;2;213;214;233m[48;2;253;253;253m▀[38;2;214;214;234m[48;2;253;254;253m▀[38;2;204;203;230m[48;2;242;243;249m▀[38;2;5;7;219m[48;2;5;7;235m▀[38;2;2;5;225m[48;2;2;5;242m▀[38;2;3;6;211m[48;2;2;4;229m▀[38;2;33;33;153m[48;2;12;13;162m▀[49m              [0m
             [38;2;1;1;141m[48;2;2;2;142m▀[38;2;171;171;215m[48;2;172;173;216m▀[38;2;249;248;253m[48;2;239;247;249m▀[38;2;52;51;224m[48;2;112;115;229m▀[38;2;220;219;246m[48;2;132;132;233m▀[38;2;71;77;234m[48;2;122;134;235m▀[38;2;220;244;245m[48;2;221;244;244m▀[38;2;220;244;247m[48;2;147;211;245m▀[38;2;218;244;245m[48;2;191;242;242m▀[38;2;162;242;245m[48;2;134;214;242m▀[38;2;97;234;243m[48;2;54;161;237m▀[38;2;121;238;243m[48;2;87;233;240m▀[38;2;224;246;246m[48;2;150;240;243m▀[38;2;227;246;246m[48;2;212;243;244m▀[38;2;232;247;247m[48;2;219;244;246m▀[48;2;218;243;245m▀[38;2;223;244;245m[48;2;207;241;242m▀[38;2;208;243;242m[48;2;189;239;240m▀[38;2;199;242;242m[48;2;180;229;239m▀[38;2;194;241;244m[48;2;99;134;235m▀[38;2;200;241;245m[48;2;102;132;234m▀[38;2;115;140;238m[48;2;57;73;235m▀[38;2;11;12;240m[48;2;1;4;244m▀[38;2;1;3;244m[48;2;71;72;239m▀[38;2;177;178;246m[48;2;213;214;248m▀[38;2;216;246;245m[48;2;153;212;246m▀[38;2;199;243;245m[48;2;177;226;245m▀[38;2;202;242;243m[48;2;161;187;240m▀[38;2;182;232;239m[48;2;98;130;236m▀[38;2;3;7;238m[48;2;13;24;235m▀[38;2;1;5;244m[48;2;22;39;239m▀[48;2;13;21;240m▀[38;2;1;6;213m[48;2;1;5;214m▀[38;2;2;2;144m[48;2;2;4;144m▀[49m             [0m
             [38;2;2;3;141m[48;2;2;3;142m▀[38;2;173;173;216m[48;2;172;172;216m▀[38;2;228;247;247m[48;2;225;243;245m▀[38;2;226;228;247m[48;2;47;53;227m▀[38;2;32;38;219m[48;2;201;202;240m▀[38;2;225;243;243m[48;2;61;77;234m▀[38;2;211;243;243m[48;2;159;240;241m▀[38;2;72;187;246m[48;2;149;236;241m▀[38;2;171;236;244m[48;2;17;31;233m▀[38;2;121;184;240m[48;2;9;18;240m▀[38;2;24;69;238m[48;2;23;67;238m▀[38;2;86;232;240m[48;2;82;224;239m▀[38;2;87;232;241m[48;2;76;219;241m▀[38;2;185;241;242m[48;2;93;232;242m▀[38;2;217;243;246m[48;2;199;241;244m▀[38;2;213;243;244m[48;2;205;241;243m▀[38;2;203;242;243m[48;2;195;240;242m▀[38;2;192;241;241m[48;2;191;240;240m▀[38;2;172;214;239m[48;2;30;40;237m▀[38;2;1;2;239m[48;2;1;5;243m▀[38;2;1;4;242m[48;2;2;6;241m▀[48;2;1;5;243m▀[38;2;2;6;239m[48;2;121;123;241m▀[38;2;166;170;242m[48;2;246;246;251m▀[38;2;252;253;253m[48;2;91;93;236m▀[38;2;97;169;250m[48;2;167;173;242m▀[38;2;162;205;250m[48;2;110;113;237m▀[38;2;118;118;242m[48;2;12;12;238m▀[38;2;3;9;240m[48;2;15;29;236m▀[38;2;24;42;232m[48;2;28;46;233m▀[38;2;26;47;236m[48;2;30;49;233m▀[38;2;15;27;236m[48;2;15;26;238m▀[38;2;1;5;211m[48;2;2;4;212m▀[38;2;2;4;143m[48;2;2;4;144m▀[49m             [0m
             [38;2;2;2;141m[48;2;2;2;141m▀[38;2;172;173;216m[48;2;43;41;162m▀[38;2;129;132;238m[48;2;17;17;166m▀[38;2;12;15;239m[48;2;2;3;168m▀[38;2;81;81;238m[48;2;2;3;165m▀[38;2;28;58;241m[48;2;9;15;166m▀[38;2;127;236;241m[48;2;28;58;164m▀[38;2;59;113;235m[48;2;9;13;168m▀[38;2;4;8;241m[48;2;3;4;169m▀[38;2;1;4;243m[48;2;3;3;168m▀[38;2;26;68;238m[48;2;8;17;167m▀[38;2;57;148;237m[48;2;16;37;166m▀[38;2;2;13;235m[48;2;2;1;170m▀[38;2;70;199;239m[48;2;19;49;165m▀[38;2;139;235;245m[48;2;25;56;167m▀[38;2;199;241;242m[48;2;52;60;168m▀[38;2;196;239;241m[48;2;50;59;167m▀[38;2;187;239;241m[48;2;48;62;166m▀[38;2;17;29;237m[48;2;7;8;169m▀[38;2;1;5;242m[48;2;2;3;170m▀[38;2;1;6;242m▀[38;2;1;4;243m[48;2;2;2;169m▀[38;2;52;54;239m[48;2;2;2;168m▀[38;2;107;189;243m[48;2;8;40;168m▀[38;2;136;179;240m[48;2;47;62;167m▀[38;2;120;120;233m[48;2;24;24;167m▀[38;2;42;42;236m[48;2;2;2;168m▀[38;2;6;13;235m[48;2;5;7;168m▀[38;2;23;39;231m[48;2;7;10;169m▀[38;2;27;46;227m[48;2;7;12;169m▀[38;2;28;47;226m[48;2;9;14;167m▀[38;2;14;26;234m[48;2;7;8;169m▀[38;2;1;4;211m[48;2;1;2;160m▀[38;2;2;4;143m[48;2;1;3;139m▀[49m             [0m
              [38;2;14;14;148m[48;2;56;58;161m▀[38;2;2;3;144m[48;2;40;41;160m▀[38;2;2;3;145m[48;2;39;41;159m▀[38;2;2;3;143m[48;2;39;41;160m▀[38;2;2;2;144m[48;2;39;41;159m▀[48;2;38;40;160m▀[38;2;2;3;144m[48;2;40;41;160m▀[38;2;2;3;146m[48;2;40;40;161m▀[38;2;3;4;145m[48;2;39;40;160m▀[38;2;2;2;147m[48;2;39;41;160m▀[38;2;2;2;146m[48;2;39;40;160m▀[38;2;2;2;145m[48;2;38;39;160m▀[38;2;2;3;146m[48;2;39;40;161m▀[38;2;2;2;145m[48;2;38;40;161m▀[38;2;1;3;144m[48;2;38;40;159m▀[48;2;39;40;160m▀[38;2;1;2;144m[48;2;38;40;158m▀[38;2;1;2;146m[48;2;38;39;160m▀[38;2;2;3;147m[48;2;38;39;161m▀[38;2;2;3;148m[48;2;38;40;162m▀[38;2;2;3;147m[48;2;38;39;162m▀[38;2;2;2;147m[48;2;38;40;161m▀[38;2;2;2;146m[48;2;37;39;161m▀[38;2;2;3;145m[48;2;38;39;161m▀[48;2;38;40;160m▀[38;2;2;3;147m[48;2;38;39;160m▀[38;2;1;2;148m[48;2;37;39;160m▀[38;2;2;3;147m[48;2;38;39;160m▀[38;2;1;2;145m▀[38;2;2;2;147m[48;2;38;40;159m▀[38;2;2;3;146m[48;2;38;40;158m▀[38;2;14;15;151m[48;2;54;57;163m▀[49m              [0m
                                                            [0m
                                                            [0m