                                                            [0m
                                                            [0m
                                                            [0m
              [38;2;40;69;55m[48;2;49;105;53m▀[38;2;82;145;98m[48;2;51;132;52m▀[49m               [38;2;23;63;55m▄[38;2;2;7;49m[48;2;15;83;55m▀[49m                           [0m
             [38;2;66;107;83m[48;2;50;138;38m▀[38;2;61;193;39m[48;2;89;235;34m▀[38;2;61;199;38m[48;2;86;235;33m▀[38;2;62;104;82m[48;2;50;142;41m▀[49m             [38;2;125;130;143m[48;2;50;96;78m▀[38;2;20;143;53m[48;2;21;165;56m▀[38;2;13;92;54m[48;2;10;55;54m▀[49m                           [0m
            [38;2;53;116;57m[48;2;38;105;24m▀[38;2;80;209;33m[48;2;109;244;29m▀[38;2;123;243;44m[48;2;204;250;166m▀[38;2;113;244;27m[48;2;137;245;42m▀[38;2;76;209;36m[48;2;104;243;29m▀[38;2;53;120;58m[48;2;38;111;27m▀[49m           [38;2;13;67;51m▄[38;2;19;131;51m[48;2;24;175;57m▀[38;2;20;141;56m[48;2;6;31;49m▀[38;2;1;5;51m[48;2;1;5;53m▀[38;2;15;18;60m[49m▄                          [0m
           [38;2;90;153;103m[48;2;31;75;32m▀[38;2;64;158;28m[48;2;106;242;30m▀[38;2;126;245;24m[48;2;134;246;27m▀[38;2;209;249;167m[48;2;212;249;171m▀[38;2;183;248;121m[48;2;244;253;236m▀[38;2;123;245;25m[48;2;141;245;42m▀[38;2;65;163;28m[48;2;106;242;30m▀[38;2;86;150;102m[48;2;32;77;36m▀[49m          [38;2;10;66;48m[48;2;21;139;55m▀[38;2;24;183;56m[48;2;23;176;56m▀[38;2;14;100;53m[48;2;8;50;50m▀[38;2;1;6;53m[48;2;1;5;53m▀[38;2;1;5;52m[48;2;1;6;52m▀[49m                          [0m
           [38;2;34;77;34m[48;2;35;79;34m▀[38;2;118;245;26m[48;2;138;244;56m▀[38;2;184;249;115m[48;2;244;253;233m▀[38;2;251;254;248m[48;2;253;254;254m▀[38;2;253;254;254m▀[38;2;208;249;165m[48;2;222;251;190m▀[38;2;117;244;28m[48;2;122;245;24m▀[38;2;34;80;35m[48;2;36;80;35m▀[49m         [38;2;72;81;100m[48;2;72;80;102m▀[38;2;22;185;54m[48;2;23;183;54m▀[38;2;21;176;53m[48;2;21;178;53m▀[38;2;14;91;52m[48;2;17;119;52m▀[38;2;9;46;53m[48;2;11;58;52m▀[38;2;1;6;53m[48;2;2;6;53m▀[38;2;83;85;115m[48;2;40;44;82m▀[49m                         [0m
           [38;2;35;79;36m[48;2;34;79;40m▀[38;2;130;244;37m[48;2;118;245;26m▀[38;2;224;251;194m[48;2;206;250;160m▀[38;2;253;253;254m[48;2;253;254;253m▀[48;2;254;254;254m▀[38;2;221;250;189m[48;2;220;250;189m▀[38;2;123;246;24m[48;2;120;244;28m▀[38;2;35;80;35m[48;2;35;81;33m▀[49m        [38;2;127;128;149m▄[38;2;38;115;69m[48;2;18;139;53m▀[38;2;23;185;55m[48;2;22;187;54m▀[38;2;20;168;53m[48;2;20;187;52m▀[38;2;8;41;50m[48;2;23;182;56m▀[38;2;4;21;52m[48;2;11;85;53m▀[38;2;2;7;53m[48;2;2;7;52m▀[38;2;16;20;63m[48;2;1;7;52m▀[38;2;84;87;116m[49m▄                        [0m
           [38;2;84;148;100m▀[38;2;78;172;27m[48;2;48;116;25m▀[38;2;150;245;57m[48;2;124;246;26m▀[38;2;253;254;251m[48;2;192;249;129m▀[38;2;254;254;253m[48;2;200;249;147m▀[38;2;162;246;73m[48;2;129;246;33m▀[38;2;79;173;27m[48;2;51;122;25m▀[38;2;83;148;97m[49m▀        [38;2;86;116;112m[48;2;12;90;47m▀[38;2;21;158;54m[48;2;30;188;60m▀[38;2;22;188;54m[48;2;36;189;64m▀[48;2;36;189;65m▀[38;2;15;107;51m[48;2;29;109;63m▀[38;2;2;9;51m[48;2;17;20;60m▀[38;2;2;6;54m[48;2;1;4;52m▀[38;2;2;6;52m[48;2;1;6;53m▀[38;2;49;53;89m[48;2;50;53;89m▀[49m                        [0m
            [38;2;68;130;74m▀[38;2;85;196;28m[48;2;62;137;47m▀[38;2;167;249;99m[48;2;147;243;100m▀[38;2;180;250;123m[48;2;169;247;128m▀[38;2;93;205;30m[48;2;64;149;39m▀[38;2;66;128;70m[49m▀         [38;2;12;90;49m[48;2;12;89;49m▀[38;2;137;219;155m[48;2;142;219;158m▀[38;2;243;251;246m[48;2;92;93;120m▀[38;2;245;253;246m[48;2;181;182;193m▀[38;2;247;250;248m[48;2;226;226;231m▀[38;2;240;240;243m[48;2;82;84;112m▀[38;2;118;121;143m[48;2;186;187;198m▀[38;2;5;9;55m[48;2;8;12;57m▀[38;2;50;54;90m[48;2;50;53;90m▀[49m                        [0m
             [38;2;57;100;73m[48;2;36;56;67m▀[38;2;129;235;103m[48;2;34;58;61m▀[38;2;159;244;133m[48;2;39;58;67m▀[38;2;43;93;48m[48;2;11;23;45m▀[49m         [38;2;48;74;81m▄[38;2;17;117;53m[48;2;23;185;55m▀[38;2;143;219;159m[48;2;143;220;158m▀[38;2;71;73;105m[48;2;123;126;145m▀[38;2;87;89;116m[48;2;204;205;211m▀[38;2;190;191;201m[48;2;183;184;193m▀[38;2;0;3;49m[48;2;126;127;147m▀[38;2;178;180;192m[48;2;198;200;207m▀[38;2;9;12;57m[48;2;9;12;57m▀[38;2;19;23;65m[48;2;1;7;54m▀[38;2;106;109;133m[49m▄                       [0m
             [38;2;37;59;52m[48;2;58;89;62m▀[38;2;99;152;72m[48;2;144;222;79m▀[38;2;120;160;107m[48;2;169;224;133m▀[38;2;60;128;35m[48;2;38;73;35m▀[49m         [38;2;49;75;81m[48;2;48;80;80m▀[38;2;23;184;57m[48;2;23;181;57m▀[38;2;129;197;148m[48;2;3;17;48m▀[38;2;238;239;241m[48;2;109;110;136m▀[38;2;215;216;221m[48;2;245;245;247m▀[38;2;100;101;124m[48;2;225;226;229m▀[38;2;249;249;250m[48;2;209;210;217m▀[38;2;222;222;228m[48;2;1;5;50m▀[38;2;7;10;56m[48;2;4;25;51m▀[38;2;1;6;53m[48;2;5;26;51m▀[38;2;84;86;116m[48;2;82;85;116m▀[49m                       [0m
              [38;2;4;34;31m[48;2;24;42;53m▀[38;2;8;86;21m[48;2;3;49;17m▀[38;2;46;58;76m[49m▀         [38;2;22;138;55m[48;2;18;139;52m▀[38;2;16;124;50m[48;2;14;122;52m▀[38;2;1;5;53m[48;2;1;5;53m▀[38;2;109;112;137m[48;2;109;112;137m▀[38;2;228;228;231m[48;2;178;180;186m▀[38;2;222;222;225m[48;2;160;161;169m▀[38;2;191;192;201m[48;2;157;159;170m▀[38;2;1;5;52m[48;2;1;5;52m▀[38;2;7;49;52m[48;2;7;48;53m▀[38;2;8;53;51m[48;2;16;105;54m▀[38;2;8;12;57m[48;2;1;5;52m▀[38;2;85;88;117m[49m▄                      [0m
              [38;2;45;95;39m[48;2;63;112;44m▀[38;2;79;183;21m[48;2;90;199;20m▀[38;2;64;89;72m[48;2;74;98;78m▀[49m       [38;2;90;91;118m▄[38;2;15;78;51m▄[38;2;18;138;51m[48;2;22;180;53m▀[38;2;15;123;52m[48;2;15;123;53m▀[38;2;1;6;53m[48;2;1;6;53m▀[38;2;109;112;137m[48;2;73;76;108m▀[38;2;253;253;254m[48;2;169;169;183m▀[38;2;253;254;254m[48;2;170;170;184m▀[38;2;209;209;217m[48;2;140;141;161m▀[38;2;1;5;52m[48;2;1;5;52m▀[38;2;7;47;52m[48;2;9;62;52m▀[38;2;18;134;54m[48;2;22;147;56m▀[38;2;1;5;51m[48;2;1;5;52m▀[38;2;51;54;90m[48;2;2;6;52m▀[38;2;2;6;50m[49m▄[38;2;92;94;122m▄                    [0m
              [38;2;126;127;142m▀[38;2;5;57;17m[48;2;9;82;27m▀[49m       [38;2;31;82;66m▄[38;2;6;10;48m[48;2;18;148;50m▀[38;2;21;165;57m[48;2;20;158;53m▀[38;2;22;186;55m[48;2;10;48;51m▀[38;2;19;146;53m[48;2;21;184;57m▀[38;2;8;50;53m[48;2;18;147;55m▀[38;2;0;5;52m[48;2;8;47;53m▀[38;2;1;5;52m[48;2;1;6;53m▀[48;2;1;6;54m▀[48;2;3;18;51m▀[38;2;5;22;52m[48;2;15;97;53m▀[38;2;16;128;53m[48;2;22;167;55m▀[38;2;7;44;50m[48;2;5;31;52m▀[38;2;1;5;53m[48;2;3;14;52m▀[38;2;2;7;53m[48;2;2;11;53m▀[38;2;3;7;52m[48;2;2;7;52m▀[38;2;8;12;58m[48;2;1;6;52m▀[38;2;29;32;71m[49m▄                   [0m
               [38;2;0;2;43m[48;2;0;3;47m▀[49m      [38;2;81;99;106m[48;2;32;115;63m▀[38;2;22;153;54m[48;2;22;186;54m▀[38;2;21;185;53m[48;2;20;186;53m▀[38;2;19;178;53m[48;2;21;185;54m▀[38;2;20;128;54m[48;2;20;176;54m▀[38;2;9;51;49m[48;2;14;88;54m▀[38;2;19;149;54m[48;2;12;73;52m▀[38;2;18;143;54m[48;2;19;152;54m▀[38;2;6;34;52m[48;2;15;109;54m▀[38;2;2;13;53m[48;2;9;60;51m▀[38;2;13;88;54m[48;2;20;171;53m▀[38;2;23;168;54m[48;2;11;71;50m▀[38;2;11;75;50m[48;2;5;34;48m▀[38;2;4;20;52m[48;2;15;104;54m▀[38;2;21;136;55m[48;2;23;168;53m▀[38;2;17;101;55m[48;2;19;138;53m▀[38;2;3;15;52m[48;2;5;29;52m▀[38;2;2;8;53m[48;2;2;7;53m▀[38;2;2;6;52m[48;2;3;7;54m▀[38;2;65;66;99m[48;2;2;6;53m▀[38;2;72;74;107m[49m▄                 [0m
               [38;2;0;3;47m[48;2;1;3;46m▀[49m     [38;2;115;116;139m▀[38;2;19;105;55m[48;2;59;62;95m▀[38;2;20;130;53m[48;2;2;10;50m▀[38;2;19;131;53m[48;2;4;18;53m▀[38;2;20;130;54m[48;2;4;16;54m▀[38;2;19;148;55m[48;2;8;50;52m▀[38;2;21;183;55m[48;2;20;158;56m▀[38;2;20;158;54m[48;2;20;186;55m▀[38;2;13;91;50m[48;2;20;184;54m▀[38;2;20;184;53m[48;2;20;184;53m▀[38;2;20;184;54m[48;2;20;185;53m▀[38;2;18;139;55m[48;2;19;183;54m▀[38;2;11;58;51m[48;2;21;182;54m▀[38;2;19;165;54m[48;2;24;176;58m▀[38;2;22;176;57m[48;2;6;32;50m▀[38;2;8;43;49m[48;2;1;7;51m▀[38;2;1;4;51m[48;2;2;6;54m▀[38;2;2;6;52m[48;2;3;7;54m▀[38;2;4;8;53m▀[38;2;3;7;54m▀[38;2;2;6;52m[48;2;88;91;120m▀[38;2;74;76;107m[49m▀                 [0m
               [38;2;6;7;51m[48;2;16;18;59m▀[49m       [38;2;13;83;52m[48;2;12;90;49m▀[38;2;25;178;58m[48;2;21;184;55m▀[38;2;24;157;57m[48;2;21;185;54m▀[38;2;6;27;54m[48;2;22;182;55m▀[38;2;6;29;51m[48;2;76;137;105m▀[38;2;16;93;54m[48;2;15;21;58m▀[38;2;22;183;56m[48;2;8;45;49m▀[38;2;20;185;53m[48;2;15;106;53m▀[48;2;14;106;52m▀[38;2;20;176;54m[48;2;16;95;52m▀[38;2;12;87;52m[48;2;1;4;50m▀[38;2;1;12;46m[48;2;75;78;108m▀[38;2;1;6;51m[48;2;21;24;67m▀[38;2;2;7;52m[48;2;4;8;52m▀[38;2;5;8;52m[48;2;6;9;52m▀[38;2;5;9;52m[48;2;5;10;52m▀[48;2;6;10;51m▀[38;2;4;8;52m[48;2;4;8;52m▀[38;2;101;103;131m[48;2;93;96;125m▀[49m                  [0m
               [38;2;28;30;69m[48;2;39;41;77m▀[38;2;124;126;146m[49m▄     [38;2;54;76;86m[48;2;48;74;83m▀[38;2;23;178;56m[48;2;22;184;54m▀[38;2;22;185;54m[48;2;133;217;150m▀[38;2;22;186;52m[48;2;24;185;56m▀[38;2;20;185;52m[48;2;19;185;52m▀[38;2;144;220;160m[48;2;69;143;98m▀[38;2;185;186;196m[48;2;127;129;149m▀[38;2;114;116;139m[48;2;157;158;174m▀[38;2;114;116;137m[48;2;187;188;198m▀[38;2;114;116;138m[48;2;226;226;230m▀[38;2;115;116;138m[48;2;158;158;173m▀[38;2;128;131;151m[48;2;159;158;174m▀[38;2;232;233;236m[48;2;121;122;143m▀[38;2;37;41;78m[48;2;16;20;62m▀[38;2;4;8;53m[48;2;3;7;53m▀[38;2;6;10;52m[48;2;6;9;52m▀[38;2;6;9;52m▀[38;2;6;10;52m[48;2;5;9;52m▀[38;2;4;8;53m[48;2;4;8;52m▀[38;2;3;7;53m[48;2;2;6;53m▀[49m                  [0m
              [38;2;126;128;147m▄[38;2;48;49;85m[48;2;5;7;50m▀[38;2;80;81;110m[48;2;61;63;96m▀[38;2;55;57;88m[49m▄   [38;2;90;112;115m▄[38;2;36;108;71m[48;2;18;154;51m▀[38;2;59;196;85m[48;2;130;209;146m▀[38;2;155;182;169m[48;2;83;95;111m▀[38;2;23;185;57m[48;2;23;184;54m▀[38;2;33;188;64m[48;2;35;180;66m▀[38;2;139;171;157m[48;2;146;147;165m▀[38;2;124;126;146m[48;2;188;188;198m▀[38;2;121;123;144m[48;2;250;250;251m▀[38;2;161;163;176m[48;2;174;174;185m▀[38;2;217;216;223m[48;2;223;223;227m▀[38;2;122;124;144m[48;2;199;199;207m▀[38;2;123;125;145m[48;2;243;243;244m▀[38;2;126;128;147m[48;2;144;145;163m▀[38;2;100;103;129m[48;2;104;105;131m▀[38;2;2;7;52m[48;2;2;6;52m▀[38;2;6;9;52m[48;2;5;9;52m▀[38;2;5;9;52m▀[38;2;4;7;51m[48;2;15;19;62m▀[38;2;2;6;52m[48;2;58;62;96m▀[38;2;1;6;53m[48;2;1;6;52m▀[38;2;115;116;140m[49m▄                 [0m
              [38;2;110;111;132m[48;2;52;54;84m▀[38;2;189;190;197m[48;2;109;110;130m▀[38;2;176;177;188m[48;2;42;45;79m▀[38;2;142;143;160m[48;2;173;174;187m▀[38;2;76;77;105m[48;2;18;31;60m▀[38;2;8;48;52m[49m▄[38;2;117;118;140m[48;2;7;38;52m▀[38;2;13;88;50m[48;2;14;94;53m▀[38;2;23;182;55m[48;2;116;206;135m▀[38;2;192;205;200m[48;2;142;147;160m▀[38;2;3;16;49m[48;2;3;16;51m▀[38;2;23;184;53m[48;2;23;185;53m▀[38;2;27;172;60m[48;2;43;191;74m▀[38;2;80;82;110m[48;2;253;254;253m▀[38;2;147;148;164m[48;2;159;159;171m▀[38;2;114;115;135m[48;2;132;133;149m▀[38;2;163;165;178m[48;2;202;202;210m▀[38;2;220;221;225m[48;2;162;163;176m▀[38;2;88;90;112m[48;2;221;222;225m▀[38;2;192;192;200m[48;2;83;85;108m▀[38;2;78;81;108m[48;2;252;254;253m▀[38;2;55;57;92m[48;2;179;180;192m▀[38;2;2;6;52m[48;2;2;6;52m▀[38;2;5;9;52m[48;2;5;9;52m▀[38;2;5;8;52m[48;2;5;8;51m▀[38;2;43;47;85m[48;2;10;13;57m▀[49m [38;2;2;7;51m[48;2;41;44;82m▀[38;2;1;5;50m[48;2;1;6;52m▀[49m                 [0m
              [38;2;90;92;116m[48;2;73;74;103m▀[38;2;194;195;203m[48;2;166;167;180m▀[38;2;78;80;109m[48;2;73;75;105m▀[38;2;155;157;173m[48;2;2;5;47m▀[38;2;25;69;60m[48;2;78;104;106m▀[38;2;22;183;54m[48;2;17;153;53m▀[38;2;21;184;54m[48;2;20;184;54m▀[38;2;13;105;51m[48;2;21;178;55m▀[38;2;138;143;159m[48;2;10;59;48m▀[38;2;96;114;123m[48;2;21;144;52m▀[38;2;5;24;51m[48;2;10;63;52m▀[38;2;22;184;53m[48;2;15;127;52m▀[38;2;24;169;56m[48;2;20;174;54m▀[38;2;42;44;80m[48;2;72;111;105m▀[38;2;99;101;123m[48;2;225;226;230m▀[38;2;225;226;229m[48;2;99;101;127m▀[38;2;46;47;82m[48;2;18;21;63m▀[38;2;88;90;116m[48;2;51;53;88m▀[38;2;143;145;163m[48;2;20;23;65m▀[38;2;191;193;200m[48;2;201;202;211m▀[38;2;43;45;79m[48;2;171;173;186m▀[38;2;33;35;75m[48;2;20;23;66m▀[38;2;2;6;53m[48;2;3;7;53m▀[38;2;5;9;52m[48;2;5;9;53m▀[38;2;4;8;52m[48;2;4;8;52m▀[38;2;2;7;53m[48;2;2;7;53m▀[38;2;117;119;141m[49m▄[38;2;52;54;88m[48;2;159;161;177m▀[38;2;1;6;52m[48;2;2;6;52m▀[38;2;110;111;135m[48;2;38;41;79m▀[49m                [0m
              [38;2;53;54;84m[48;2;106;107;128m▀[38;2;114;115;135m[48;2;189;189;199m▀[38;2;52;54;88m[48;2;91;93;120m▀[38;2;22;24;65m[48;2;112;113;136m▀[49m [38;2;15;104;50m[48;2;15;102;51m▀[38;2;19;146;52m[48;2;12;76;51m▀[38;2;22;186;55m[48;2;18;110;51m▀[38;2;24;172;56m[48;2;22;170;55m▀[38;2;5;34;49m[48;2;5;35;52m▀[38;2;1;6;51m[48;2;1;6;52m▀[38;2;13;101;53m[48;2;13;100;51m▀[38;2;19;184;53m[48;2;18;184;53m▀[38;2;143;219;161m[48;2;34;110;69m▀[38;2;145;146;165m[48;2;24;27;67m▀[38;2;8;12;57m[48;2;2;6;53m▀[38;2;46;49;86m[48;2;9;12;56m▀[38;2;130;131;152m[48;2;25;26;64m▀[38;2;1;5;52m[48;2;1;5;52m▀[38;2;38;41;78m[48;2;5;9;54m▀[38;2;253;254;254m[48;2;51;54;90m▀[38;2;37;41;79m[48;2;9;12;58m▀[38;2;3;7;54m[48;2;3;8;53m▀[38;2;6;9;51m[48;2;5;9;51m▀[38;2;4;8;52m[48;2;4;8;52m▀[38;2;3;8;53m[48;2;3;8;53m▀[38;2;78;81;112m[48;2;60;63;97m▀[38;2;165;166;181m[48;2;246;247;248m▀[38;2;4;7;52m[48;2;128;130;150m▀[38;2;32;35;74m[48;2;14;16;59m▀[38;2;1;5;48m[49m▄               [0m
               [38;2;4;7;49m▀[38;2;0;3;47m[48;2;0;3;46m▀[38;2;26;28;69m[48;2;1;4;53m▀[38;2;125;126;148m[48;2;18;22;65m▀[38;2;14;101;50m[48;2;14;100;52m▀[38;2;10;66;52m[48;2;9;64;52m▀[38;2;5;24;52m[48;2;1;5;52m▀[38;2;22;167;53m[48;2;9;44;52m▀[38;2;6;36;51m[48;2;3;13;52m▀[38;2;3;7;52m[48;2;3;7;53m▀[38;2;13;100;52m[48;2;5;25;51m▀[38;2;20;185;53m[48;2;21;165;52m▀[38;2;19;155;54m[48;2;21;183;54m▀[38;2;11;68;55m[48;2;12;97;53m▀[38;2;3;8;53m[48;2;2;7;53m▀[38;2;44;46;85m[48;2;23;27;67m▀[38;2;120;121;142m[48;2;64;65;97m▀[38;2;1;5;52m[48;2;1;5;52m▀[38;2;3;7;53m[48;2;3;8;53m▀[38;2;2;7;53m[48;2;5;9;52m▀[38;2;2;7;54m[48;2;5;9;53m▀[38;2;4;8;53m[48;2;6;9;52m▀[38;2;5;8;52m[48;2;4;8;52m▀[38;2;4;8;52m▀[38;2;3;8;53m[48;2;2;7;52m▀[38;2;52;55;91m[48;2;106;116;132m▀[38;2;252;253;254m[48;2;244;246;246m▀[38;2;253;253;254m[48;2;169;169;182m▀[38;2;89;92;120m[48;2;35;38;77m▀[38;2;2;6;50m[48;2;2;6;51m▀[49m               [0m
                [38;2;0;2;46m[48;2;0;3;46m▀[38;2;2;6;53m[48;2;3;7;52m▀[38;2;4;8;52m▄[38;2;13;98;52m[48;2;13;98;52m▀[38;2;8;66;52m[48;2;8;68;52m▀[38;2;2;7;53m[48;2;3;8;53m▀[38;2;2;7;54m[48;2;5;9;52m▀[38;2;2;7;53m▀[38;2;3;8;53m[48;2;4;8;52m▀[38;2;1;6;52m[48;2;1;6;53m▀[38;2;14;73;54m[48;2;0;5;53m▀[38;2;16;136;51m[48;2;8;53;52m▀[38;2;12;95;53m[48;2;9;51;51m▀[38;2;0;3;51m[48;2;89;91;102m▀[38;2;27;29;70m[48;2;107;109;112m▀[38;2;74;75;106m[48;2;108;109;108m▀[38;2;0;3;50m[48;2;102;101;86m▀[38;2;1;5;53m[48;2;1;4;49m▀[38;2;4;8;52m[48;2;4;8;54m▀[38;2;6;9;52m[48;2;5;9;52m▀[38;2;5;9;53m▀[38;2;4;8;52m[48;2;4;8;53m▀[38;2;3;7;53m[48;2;2;7;52m▀[38;2;5;32;52m[48;2;7;37;51m▀[38;2;20;174;55m[48;2;17;116;53m▀[38;2;18;52;54m[48;2;171;172;184m▀[38;2;17;19;60m[48;2;244;244;245m▀[38;2;5;8;54m[48;2;72;74;108m▀[38;2;2;7;51m[48;2;2;6;51m▀[49m               [0m
                [38;2;0;3;46m[48;2;0;3;46m▀[38;2;3;7;52m[48;2;3;7;52m▀[38;2;4;8;52m[48;2;4;8;52m▀[38;2;12;94;52m[48;2;13;93;52m▀[38;2;8;70;52m[48;2;9;72;52m▀[38;2;3;8;53m[48;2;4;8;53m▀[38;2;5;9;52m[48;2;5;9;52m▀[38;2;5;9;51m[48;2;5;9;51m▀[38;2;4;8;52m[48;2;4;8;52m▀[38;2;20;24;65m[48;2;76;77;108m▀[38;2;5;23;51m[48;2;9;79;49m▀[38;2;10;52;52m[48;2;20;160;53m▀[38;2;5;27;49m[48;2;11;91;49m▀[38;2;203;203;177m[48;2;173;174;157m▀[38;2;205;205;169m[48;2;0;1;46m▀[38;2;205;204;160m▀[38;2;227;221;131m[48;2;189;183;115m▀[38;2;2;4;47m[48;2;2;4;47m▀[38;2;4;8;53m[48;2;4;8;52m▀[38;2;5;8;52m[48;2;5;9;51m▀[38;2;3;8;52m[48;2;4;7;52m▀[38;2;4;9;53m[48;2;5;9;52m▀[38;2;2;7;52m[48;2;2;7;52m▀[38;2;17;131;55m[48;2;17;134;53m▀[38;2;15;119;53m[48;2;16;119;55m▀[38;2;65;67;101m[48;2;47;50;87m▀[38;2;193;193;200m[48;2;187;188;195m▀[38;2;87;89;118m[48;2;100;102;129m▀[38;2;2;7;52m[48;2;1;6;52m▀[49m               [0m
                [38;2;0;3;47m[48;2;0;3;46m▀[38;2;2;6;51m[48;2;2;6;51m▀[38;2;4;8;52m[48;2;5;8;52m▀[38;2;13;91;51m[48;2;13;89;52m▀[38;2;9;74;52m[48;2;9;77;52m▀[38;2;4;8;53m[48;2;4;8;53m▀[38;2;5;9;52m[48;2;5;9;53m▀[48;2;5;9;52m▀[38;2;3;7;52m[48;2;70;73;106m▀[38;2;76;78;109m[49m▀[38;2;9;79;50m[48;2;7;47;52m▀[38;2;21;133;53m[48;2;15;107;53m▀[38;2;13;91;50m[48;2;9;54;49m▀[38;2;174;175;155m[48;2;188;188;161m▀[38;2;0;3;50m[48;2;100;100;95m▀[38;2;0;3;49m[48;2;99;99;84m▀[38;2;188;181;108m[48;2;206;199;107m▀[38;2;1;3;46m[48;2;1;3;46m▀[38;2;4;8;52m[48;2;4;8;52m▀[38;2;5;9;52m[48;2;6;10;52m▀[48;2;4;8;53m▄[48;2;5;8;52m▀[38;2;2;7;52m[48;2;2;7;53m▀[38;2;18;131;54m[48;2;18;130;54m▀[38;2;9;62;52m[48;2;1;10;49m▀[38;2;18;22;64m[48;2;1;5;51m▀[38;2;163;165;175m[48;2;148;149;164m▀[38;2;135;136;156m[48;2;158;159;173m▀[38;2;1;5;52m[48;2;1;5;51m▀[38;2;60;62;96m[48;2;60;62;97m▀[49m              [0m
                [38;2;1;2;47m[48;2;2;4;47m▀[38;2;3;6;51m[48;2;2;6;51m▀[38;2;4;9;52m[48;2;4;9;52m▀[38;2;13;88;52m[48;2;11;85;51m▀[38;2;10;79;52m[48;2;10;81;52m▀[38;2;3;8;52m[48;2;3;8;52m▀[38;2;5;10;52m[48;2;5;9;53m▀[38;2;4;9;53m[48;2;18;22;63m▀[38;2;97;100;127m[49m▀ [38;2;4;25;51m[48;2;17;126;51m▀[38;2;6;34;52m[48;2;22;183;52m▀[38;2;4;19;51m[48;2;13;93;54m▀[38;2;170;168;145m[48;2;1;4;45m▀[38;2;205;202;144m[48;2;0;2;48m▀[38;2;205;198;121m[48;2;0;3;46m▀[38;2;192;182;102m[48;2;0;2;46m▀[38;2;1;3;47m[48;2;1;4;50m▀[38;2;4;8;52m[48;2;4;7;53m▀[48;2;5;9;51m▄[38;2;5;8;51m▄[38;2;5;9;51m▀[38;2;2;7;53m[48;2;2;7;52m▀[38;2;19;114;55m[48;2;1;5;50m▀[38;2;2;11;51m[48;2;1;6;52m▀[38;2;2;7;53m▄[38;2;145;146;163m[48;2;125;127;148m▀[38;2;159;160;174m[48;2;179;180;189m▀[38;2;1;5;51m[48;2;10;14;58m▀[38;2;31;34;74m[48;2;2;6;53m▀[49m              [0m
                [38;2;11;12;55m[48;2;22;24;64m▀[38;2;2;6;51m[48;2;2;5;50m▀[38;2;4;8;52m[48;2;4;8;52m▀[38;2;11;82;52m[48;2;12;81;53m▀[38;2;10;83;53m[48;2;10;86;53m▀[38;2;2;7;54m[48;2;2;7;53m▀[38;2;3;7;52m[48;2;2;6;51m▀[38;2;48;51;87m[49m▀ [38;2;35;95;68m[48;2;10;83;50m▀[38;2;19;176;50m[48;2;21;185;52m▀[38;2;21;185;53m▀[38;2;11;93;53m[48;2;11;93;52m▀[38;2;17;126;53m[48;2;20;143;52m▀[38;2;0;5;52m[48;2;1;5;51m▀[38;2;2;6;52m[48;2;3;8;52m▀[38;2;2;6;53m[48;2;4;8;53m▀[38;2;1;6;53m[48;2;2;6;52m▀[38;2;3;8;53m[48;2;2;6;53m▀[38;2;3;8;52m[48;2;1;6;52m▀[38;2;3;7;52m[48;2;1;6;53m▀[38;2;4;8;52m[48;2;4;8;51m▀[48;2;5;8;52m▀[48;2;2;6;53m▄[38;2;3;7;52m[48;2;5;8;52m▀[38;2;3;7;53m[48;2;3;7;53m▀[38;2;110;113;137m[48;2;60;63;96m▀[38;2;216;217;221m[48;2;155;156;172m▀[38;2;25;29;70m[48;2;24;26;67m▀[38;2;2;5;52m[48;2;128;131;152m▀[49m              [0m
                [38;2;34;35;72m[48;2;44;45;81m▀[38;2;2;5;51m[48;2;17;19;61m▀[38;2;4;8;52m[48;2;2;7;51m▀[38;2;11;78;52m[48;2;10;76;52m▀[38;2;11;89;52m[48;2;11;90;51m▀[38;2;1;6;53m[48;2;1;5;52m▀[38;2;47;50;85m[49m▀  [38;2;10;84;49m[48;2;10;84;49m▀[38;2;20;184;51m[48;2;19;185;52m▀[38;2;72;199;98m[49m▀[38;2;44;101;80m[48;2;123;125;147m▀[38;2;19;143;53m[48;2;18;143;53m▀[38;2;1;6;51m[48;2;2;6;52m▀[38;2;4;9;51m[48;2;5;9;52m▀[38;2;5;9;52m▀[38;2;12;15;60m[48;2;37;41;78m▀[38;2;67;70;102m[49m▀[38;2;54;58;92m▀[38;2;1;5;53m[48;2;2;5;53m▀[38;2;3;8;52m[48;2;3;8;52m▀[38;2;5;8;51m[48;2;5;8;52m▀[38;2;5;9;52m▀[38;2;4;8;52m[48;2;3;7;53m▀[38;2;2;5;52m[48;2;30;33;74m▀[38;2;46;47;83m[48;2;133;135;153m▀[38;2;62;65;96m[48;2;192;193;201m▀[38;2;26;29;69m[48;2;106;109;132m▀[49m               [0m
                [38;2;55;57;90m[48;2;66;68;100m▀[38;2;86;88;115m[48;2;78;80;109m▀[38;2;1;6;51m[48;2;16;20;62m▀[38;2;7;44;52m[48;2;1;5;52m▀[38;2;8;53;51m[48;2;10;14;57m▀[38;2;126;128;149m[49m▀   [38;2;10;84;49m[48;2;11;84;48m▀[38;2;20;184;51m[48;2;19;183;51m▀[49m [38;2;106;111;132m[48;2;22;47;63m▀[38;2;19;146;53m[48;2;19;169;53m▀[38;2;1;6;51m[48;2;1;6;50m▀[38;2;5;9;52m[48;2;4;9;52m▀[48;2;5;9;52m▀[38;2;31;34;73m[48;2;2;7;51m▀[38;2;119;120;143m[49m▄ [38;2;1;5;53m[48;2;1;5;52m▀[38;2;3;8;53m[48;2;3;8;53m▀[38;2;5;8;52m[48;2;5;8;52m▀[38;2;5;9;52m▀[38;2;2;7;52m[48;2;24;27;68m▀[38;2;122;124;145m[48;2;126;127;148m▀[38;2;51;53;85m[48;2;1;4;50m▀[38;2;154;155;169m[48;2;149;151;165m▀[38;2;156;157;171m[48;2;151;152;166m▀[49m               [0m
                [38;2;77;79;108m[48;2;87;89;116m▀[38;2;94;97;124m[48;2;84;86;115m▀[49m [38;2;1;4;51m[48;2;37;39;75m▀[38;2;87;89;118m[49m▀   [38;2;67;94;95m[48;2;37;67;72m▀[38;2;22;163;55m[48;2;22;183;54m▀[38;2;19;182;52m[48;2;27;186;59m▀[49m [38;2;21;46;63m[48;2;21;46;63m▀[38;2;19;170;52m[48;2;19;170;53m▀[38;2;1;6;52m[48;2;1;6;52m▀[38;2;5;9;52m[48;2;4;9;51m▀[48;2;5;9;51m▀[38;2;3;7;52m[48;2;3;8;52m▀[38;2;112;114;140m[48;2;93;95;125m▀[49m [38;2;1;5;52m[48;2;6;10;56m▀[38;2;4;8;53m[48;2;4;7;53m▀[38;2;4;8;52m[48;2;4;8;52m▀[38;2;3;7;53m[48;2;2;6;52m▀[38;2;99;102;129m[48;2;4;8;52m▀[38;2;59;61;95m[48;2;132;132;152m▀[38;2;0;4;52m[48;2;0;4;51m▀[38;2;65;67;97m[48;2;98;99;124m▀[38;2;64;67;95m[48;2;100;102;125m▀[49m               [0m
                [38;2;98;99;125m[48;2;108;109;134m▀[38;2;73;76;106m[48;2;62;65;97m▀[49m      [38;2;36;66;73m[48;2;36;67;73m▀[38;2;21;184;52m[48;2;22;185;53m▀[38;2;45;191;74m[48;2;79;202;104m▀[49m [38;2;21;46;62m[48;2;9;35;53m▀[38;2;18;171;53m[48;2;19;174;55m▀[38;2;1;5;52m[48;2;3;15;51m▀[38;2;2;7;53m[48;2;1;6;51m▀[38;2;1;7;53m[48;2;10;47;53m▀[38;2;2;7;52m[48;2;2;6;52m▀[38;2;31;35;74m[48;2;15;18;61m▀[49m [38;2;20;23;65m[48;2;26;29;71m▀[38;2;3;7;53m[48;2;3;7;53m▀[38;2;4;8;52m[48;2;3;8;53m▀[38;2;57;61;96m[48;2;85;88;118m▀[38;2;65;67;100m[49m▀[38;2;84;85;114m[48;2;104;107;128m▀[38;2;82;84;111m[48;2;200;200;208m▀[38;2;149;151;164m[48;2;93;94;119m▀[38;2;136;138;153m[48;2;105;106;126m▀[49m               [0m
                [38;2;119;120;142m▀[38;2;52;54;89m[48;2;41;43;80m▀[49m      [38;2;36;67;73m[48;2;34;70;71m▀[38;2;23;185;53m[48;2;21;185;53m▀[38;2;80;202;105m[48;2;93;205;116m▀[49m [38;2;5;31;52m[48;2;5;32;53m▀[38;2;20;184;53m[48;2;20;184;54m▀[38;2;6;37;52m[48;2;7;37;52m▀[38;2;1;7;49m[48;2;1;6;51m▀[38;2;20;152;52m[48;2;20;154;53m▀[38;2;2;7;51m[48;2;3;7;51m▀[38;2;8;12;55m[48;2;4;8;52m▀[49m [38;2;32;35;75m[48;2;50;52;89m▀[38;2;2;6;53m[48;2;1;6;53m▀[38;2;3;8;53m[48;2;3;7;53m▀[38;2;85;87;118m[48;2;11;16;58m▀[49m  [38;2;15;18;54m▀[38;2;15;18;55m▀                [0m
                 [38;2;30;32;70m[48;2;19;22;60m▀[49m     [38;2;100;102;125m[48;2;93;95;121m▀[38;2;23;156;58m[48;2;19;163;53m▀[38;2;20;185;53m[48;2;20;185;51m▀[49m [38;2;79;81;112m▄[38;2;5;31;52m[48;2;6;31;52m▀[38;2;19;184;53m[48;2;20;184;53m▀[38;2;18;140;54m[48;2;17;157;53m▀[38;2;1;5;50m[48;2;1;5;48m▀[38;2;20;152;53m[48;2;20;153;53m▀[38;2;2;6;51m[48;2;2;6;52m▀[38;2;3;7;53m[48;2;3;7;52m▀[49m  [38;2;2;6;53m[48;2;1;6;53m▀[38;2;4;8;52m[48;2;4;8;53m▀[38;2;3;7;52m[48;2;4;7;52m▀[49m                    [0m
                 [38;2;8;11;52m[48;2;1;4;46m▀[49m     [38;2;93;94;121m[48;2;93;95;121m▀[38;2;19;164;52m[48;2;20;163;53m▀[38;2;19;185;51m[48;2;20;184;54m▀[49m [38;2;71;72;105m[48;2;68;70;104m▀[38;2;5;30;51m[48;2;9;56;51m▀[38;2;20;185;53m[48;2;20;185;52m▀[38;2;17;158;53m[48;2;17;159;52m▀[38;2;8;49;50m[48;2;9;61;51m▀[38;2;20;163;54m[48;2;21;164;53m▀[38;2;2;6;52m[48;2;2;7;51m▀[38;2;4;7;52m[48;2;3;7;53m▀[49m  [38;2;2;6;53m[48;2;13;18;61m▀[38;2;3;8;52m[48;2;3;8;52m▀[38;2;3;8;53m[48;2;4;7;53m▀[38;2;3;6;48m[49m▄                   [0m
                 [38;2;0;4;46m[48;2;0;3;46m▀[49m     [38;2;68;103;97m[48;2;15;117;51m▀[38;2;20;172;51m[48;2;19;185;52m▀[38;2;70;197;96m[49m▀ [38;2;91;93;121m▀[38;2;11;72;51m[48;2;10;72;51m▀[38;2;21;184;52m[48;2;21;184;53m▀[38;2;17;160;52m[48;2;19;166;52m▀[38;2;9;60;51m[48;2;15;96;53m▀[38;2;20;164;54m[48;2;19;151;54m▀[38;2;2;6;51m[48;2;2;6;50m▀[38;2;3;7;51m[48;2;3;7;52m▀[49m  [38;2;112;114;140m[48;2;109;112;138m▀[38;2;3;7;52m[48;2;2;7;52m▀[38;2;4;8;53m[48;2;4;8;53m▀[38;2;2;6;51m[48;2;2;6;51m▀[49m                   [0m
                 [38;2;1;3;46m[48;2;1;3;48m▀[49m     [38;2;15;117;51m[48;2;14;118;50m▀[38;2;20;184;52m[48;2;20;185;52m▀[38;2;108;205;129m[48;2;22;172;55m▀[38;2;16;22;60m[49m▄[38;2;94;96;125m[48;2;1;5;51m▀[38;2;13;100;51m[48;2;12;113;49m▀[38;2;20;184;52m[48;2;20;184;52m▀[38;2;19;184;53m▀[38;2;20;183;52m▀[38;2;12;91;51m[48;2;13;91;52m▀[38;2;3;7;52m[48;2;3;7;52m▀[48;2;3;8;53m▀[38;2;17;19;63m[48;2;63;65;100m▀[38;2;18;20;64m[49m▀[38;2;8;11;57m[48;2;59;62;97m▀[38;2;2;6;53m[48;2;2;6;53m▀[38;2;4;8;52m[48;2;4;8;52m▀[38;2;3;7;52m▀[38;2;125;125;148m[48;2;72;74;107m▀[49m                  [0m
                 [38;2;0;3;46m[48;2;4;7;49m▀[49m     [38;2;14;118;50m[48;2;14;118;50m▀[38;2;20;185;53m[48;2;20;185;52m▀[38;2;38;190;68m[48;2;40;191;69m▀[49m [38;2;1;4;51m[48;2;1;5;52m▀[38;2;13;113;50m[48;2;13;112;49m▀[38;2;20;185;52m[48;2;20;185;52m▀[38;2;19;185;51m[48;2;19;185;52m▀[38;2;20;185;52m[48;2;20;185;52m▀[38;2;13;92;51m[48;2;13;92;52m▀[38;2;4;8;52m[48;2;3;7;53m▀[48;2;4;8;53m▄[38;2;58;61;95m[48;2;8;20;55m▀[38;2;132;215;150m[49m▄[38;2;115;116;141m[48;2;120;122;145m▀[38;2;2;6;53m[48;2;1;6;53m▀[38;2;4;8;52m[48;2;4;8;51m▀[38;2;4;9;52m[48;2;5;9;51m▀[38;2;28;32;71m[48;2;3;7;51m▀[49m                  [0m
                 [38;2;14;17;57m[48;2;25;28;67m▀[49m    [38;2;57;59;93m[48;2;59;70;93m▀[38;2;15;121;50m[48;2;24;179;58m▀[38;2;20;185;52m[48;2;20;185;53m▀[38;2;43;191;72m[48;2;26;186;59m▀[38;2;65;110;97m[49m▄[38;2;1;5;52m[48;2;1;6;52m▀[38;2;13;113;48m[48;2;15;119;50m▀[38;2;19;185;52m[48;2;20;185;52m▀[48;2;19;186;52m▀[38;2;20;185;52m[48;2;20;185;52m▀[38;2;13;92;52m[48;2;13;91;51m▀[38;2;3;7;52m[48;2;4;7;52m▀[38;2;4;8;52m[48;2;4;9;52m▀[38;2;3;14;52m[48;2;3;18;50m▀[38;2;54;193;83m[48;2;21;180;54m▀[38;2;62;109;96m[48;2;15;105;54m▀[38;2;1;6;53m[48;2;2;9;53m▀[38;2;4;8;52m[48;2;4;8;52m▀[38;2;6;9;52m[48;2;6;9;52m▀[38;2;4;8;51m[48;2;5;8;52m▀[38;2;117;119;142m[49m▄                 [0m
                 [38;2;36;38;75m[48;2;47;49;84m▀[38;2;130;131;152m[49m▄   [38;2;37;115;68m[48;2;17;137;51m▀[38;2;21;185;54m[48;2;21;187;53m▀[38;2;20;186;52m[48;2;20;187;53m▀[38;2;19;186;52m▀[38;2;11;75;52m[48;2;10;72;53m▀[38;2;1;8;51m[48;2;1;7;50m▀[38;2;20;173;52m[48;2;20;176;51m▀[38;2;19;185;52m[48;2;20;185;51m▀[38;2;19;186;52m[48;2;20;185;52m▀[38;2;19;185;52m[48;2;19;185;52m▀[38;2;13;92;51m[48;2;13;91;52m▀[38;2;4;7;53m[48;2;4;7;52m▀[38;2;5;9;53m[48;2;4;9;53m▀[38;2;8;50;51m[48;2;6;46;52m▀[38;2;19;184;52m[48;2;19;185;51m▀[38;2;22;181;55m[48;2;20;184;52m▀[38;2;7;49;52m[48;2;7;50;51m▀[38;2;4;8;52m[48;2;4;9;52m▀[38;2;5;9;51m[48;2;5;9;52m▀[38;2;5;8;52m[48;2;4;9;53m▀[38;2;100;102;128m[48;2;100;102;130m▀[49m                 [0m
                 [38;2;58;61;93m[48;2;70;72;102m▀[38;2;118;120;142m[48;2;107;109;134m▀[49m   [38;2;17;136;53m[48;2;17;136;52m▀[38;2;21;187;53m[48;2;20;187;54m▀[38;2;20;186;53m[48;2;20;186;53m▀[38;2;20;186;54m[48;2;20;185;54m▀[38;2;10;69;53m[48;2;9;66;52m▀[38;2;1;7;51m[48;2;1;7;52m▀[38;2;21;177;52m[48;2;21;176;53m▀[38;2;20;185;51m[48;2;20;185;52m▀[38;2;19;185;52m[48;2;19;186;52m▀[48;2;19;185;51m▄[38;2;12;92;51m[48;2;13;92;52m▀[38;2;3;8;53m[48;2;3;7;53m▀[38;2;4;9;52m[48;2;4;9;52m▀[38;2;7;41;51m[48;2;5;38;51m▀[38;2;19;186;52m[48;2;19;186;52m▀[38;2;20;184;54m[48;2;21;183;53m▀[38;2;6;51;51m[48;2;7;50;52m▀[38;2;4;9;52m[48;2;4;8;52m▀[38;2;5;9;52m[48;2;6;9;52m▀[38;2;5;8;52m[48;2;5;8;52m▀[38;2;69;72;104m[48;2;3;7;52m▀[49m                 [0m
                 [38;2;80;82;110m[48;2;91;93;120m▀[38;2;96;98;125m[48;2;85;87;116m▀[49m   [38;2;17;135;53m[48;2;17;135;54m▀[38;2;21;185;57m[48;2;18;113;53m▀[38;2;15;112;52m[48;2;2;10;51m▀[38;2;14;105;53m[48;2;1;6;52m▀[38;2;4;38;50m[48;2;2;5;52m▀[38;2;1;6;51m[48;2;1;6;50m▀[38;2;20;175;53m[48;2;20;174;53m▀[38;2;19;185;51m[48;2;20;184;52m▀[38;2;19;185;52m[48;2;19;185;52m▀[48;2;20;185;52m▀[38;2;12;92;50m[48;2;12;92;51m▀[38;2;3;7;53m[48;2;3;7;52m▀[38;2;4;9;52m[48;2;4;9;53m▀[38;2;5;34;53m[48;2;3;16;52m▀[38;2;19;186;53m[48;2;11;74;53m▀[38;2;18;144;52m[48;2;3;11;52m▀[38;2;6;39;50m[48;2;2;5;53m▀[38;2;4;8;52m[48;2;3;7;52m▀[48;2;5;9;52m▄▄[38;2;3;8;52m[48;2;3;8;52m▀[49m                 [0m
                 [38;2;102;103;128m[48;2;112;114;136m▀[38;2;73;76;106m[48;2;61;63;96m▀[49m   [38;2;8;38;49m▀[38;2;47;60;82m▀[38;2;7;10;55m[48;2;23;27;67m▀[38;2;4;8;51m[48;2;4;8;51m▀[38;2;4;8;52m[48;2;5;9;52m▀[38;2;1;6;52m[48;2;2;7;51m▀[38;2;12;74;50m[48;2;126;127;149m▀[38;2;21;168;52m[48;2;31;94;65m▀[38;2;20;185;51m[48;2;22;184;54m▀[38;2;20;185;53m[48;2;21;185;52m▀[38;2;12;92;51m[48;2;12;92;52m▀[38;2;2;6;53m[48;2;2;6;53m▀[38;2;3;7;53m[48;2;1;5;52m▀[38;2;1;4;51m▄[38;2;2;6;52m[48;2;3;7;51m▀[38;2;4;8;52m▄[38;2;3;8;52m[48;2;4;7;54m▀[38;2;3;7;52m[48;2;3;7;52m▀[38;2;3;7;51m[49m▀[38;2;2;6;52m[48;2;4;7;51m▀[38;2;3;8;52m[48;2;1;5;51m▀[49m                 [0m
                 [38;2;123;124;145m▀[38;2;50;53;87m[48;2;39;42;76m▀[49m    [38;2;45;48;85m▄[38;2;15;18;62m[48;2;3;6;52m▀[38;2;5;9;52m[48;2;4;8;53m▀[38;2;5;8;52m▀[38;2;3;7;50m[48;2;3;7;52m▀[49m  [38;2;17;109;51m[48;2;101;119;125m▀[38;2;22;184;54m[48;2;15;101;51m▀[38;2;14;92;53m[48;2;9;51;51m▀[38;2;1;5;53m[48;2;76;78;109m▀[49m  [38;2;2;6;51m[48;2;2;6;51m▀[38;2;3;8;52m[48;2;3;8;52m▀[38;2;3;8;53m[48;2;3;7;53m▀[38;2;3;7;52m[48;2;3;7;52m▀[38;2;86;88;116m[49m▄                   [0m
                  [38;2;27;30;66m[48;2;16;19;58m▀[49m  [38;2;15;20;59m▄[38;2;84;87;115m[48;2;2;5;52m▀[38;2;3;7;51m[48;2;4;8;51m▀[38;2;5;8;51m[48;2;5;9;52m▀[38;2;5;9;51m▀[38;2;5;8;52m[48;2;4;8;51m▀[38;2;4;7;51m[48;2;3;7;51m▀[49m   [38;2;95;97;120m▀[38;2;94;96;123m▀   [38;2;2;6;50m[48;2;3;6;51m▀[38;2;5;9;51m[48;2;4;9;53m▀[38;2;5;9;52m[48;2;4;8;52m▀[48;2;5;9;52m▀[38;2;3;7;50m▀[38;2;25;29;69m[49m▄                  [0m
                  [38;2;5;8;49m[48;2;29;32;66m▀[49m [38;2;92;95;120m[48;2;78;81;110m▀[38;2;3;7;51m[48;2;2;6;50m▀[38;2;4;8;51m[48;2;2;6;51m▀[38;2;5;9;51m▀[38;2;5;9;52m▀[38;2;3;7;51m[48;2;80;84;114m▀[38;2;2;7;51m[48;2;43;46;83m▀[38;2;3;7;51m[48;2;2;6;50m▀[49m        [38;2;2;6;51m[48;2;1;5;50m▀[38;2;3;7;52m[48;2;64;67;98m▀[38;2;2;6;51m[48;2;18;21;62m▀[48;2;4;8;52m▄[38;2;5;9;52m[48;2;2;6;52m▀[38;2;3;7;51m[48;2;2;6;51m▀[38;2;58;60;95m[48;2;1;4;51m▀[49m                 [0m
                                                            [0m
                                                            [0m