                            [38;2;93;93;94m▄[38;2;55;55;55m▄[38;2;3;4;3m▄[38;2;38;38;38m▄[38;2;93;93;93m▄                           [0m
                           [38;2;78;79;79m▄[38;2;3;3;2m[48;2;3;5;2m▀[38;2;3;3;3m[48;2;4;5;3m▀[48;2;4;3;4m▀[38;2;3;3;2m[48;2;3;4;3m▀[38;2;4;3;3m[48;2;4;6;2m▀[38;2;65;66;65m[49m▄                          [0m
                          [38;2;103;104;103m[48;2;103;103;103m▀[38;2;4;6;1m[48;2;4;4;3m▀[38;2;4;6;2m[48;2;4;5;3m▀[48;2;4;7;3m▀[38;2;4;5;4m[48;2;5;8;4m▀▀[38;2;3;7;2m[48;2;4;8;3m▀[38;2;3;7;3m[48;2;4;7;3m▀[38;2;64;64;64m[48;2;64;65;64m▀[49m                         [0m
                          [38;2;103;103;103m[48;2;103;104;103m▀[38;2;4;6;4m[48;2;5;7;3m▀[38;2;5;6;4m[48;2;5;8;3m▀[38;2;5;8;4m[48;2;5;8;4m▀[38;2;6;8;4m[48;2;6;8;4m▀▀[38;2;5;8;4m[48;2;5;8;4m▀[38;2;5;8;3m[48;2;5;8;3m▀[38;2;64;66;63m[48;2;64;66;64m▀[49m                         [0m
                         [38;2;122;123;122m[48;2;32;34;32m▀[38;2;45;46;44m[48;2;5;7;3m▀[38;2;5;7;3m▀[38;2;6;8;4m[48;2;5;8;4m▀[48;2;6;8;4m▀▀▀▀[38;2;5;8;4m[48;2;5;8;4m▀[38;2;29;31;28m[48;2;5;7;3m▀[38;2;106;107;106m[48;2;4;7;3m▀[49m                        [0m
                         [38;2;32;34;32m[48;2;33;35;32m▀[38;2;5;7;3m[48;2;5;7;3m▀[48;2;6;8;4m▀[38;2;6;8;3m▀[38;2;6;8;4m▀▀▀▀▀[38;2;5;8;3m[48;2;6;8;3m▀[38;2;4;7;3m[48;2;4;7;3m▀[49m                        [0m
                         [38;2;33;35;32m[48;2;29;31;28m▀[38;2;6;8;4m[48;2;6;8;4m▀[48;2;7;9;6m▀[48;2;8;10;7m▀[38;2;7;9;6m[48;2;8;10;8m▀▀[48;2;8;11;8m▀[48;2;8;10;8m▀[38;2;6;8;4m[48;2;7;9;7m▀[48;2;6;8;5m▀[38;2;5;8;4m[48;2;5;8;4m▀[49m                        [0m
                        [38;2;3;7;4m[48;2;5;8;5m▀[38;2;5;7;5m[48;2;6;8;6m▀[38;2;7;9;6m[48;2;7;9;7m▀[38;2;8;10;8m[48;2;8;10;8m▀▀▀▀[38;2;8;11;8m▀[38;2;8;10;8m▀▀[38;2;6;9;6m[48;2;7;10;8m▀[38;2;4;8;5m[48;2;7;9;7m▀[38;2;4;7;5m[48;2;5;9;5m▀[49m                       [0m
                        [38;2;7;9;6m[48;2;7;9;7m▀[38;2;7;10;7m[48;2;8;10;8m▀[48;2;7;10;8m▄[38;2;8;10;8m[48;2;7;11;7m▀[48;2;8;13;9m▀▀[48;2;8;14;9m▀[48;2;7;13;9m▀[48;2;7;14;9m▀[48;2;7;12;8m▀[48;2;8;10;8m▀[38;2;7;10;7m[48;2;7;10;8m▀[38;2;5;11;6m[48;2;4;12;7m▀[49m                       [0m
                        [38;2;7;10;7m[48;2;7;11;7m▀[38;2;7;11;8m[48;2;7;13;10m▀[38;2;7;13;9m[48;2;7;14;11m▀[38;2;6;14;10m[48;2;7;15;11m▀[38;2;7;15;10m[48;2;7;16;12m▀[38;2;7;15;11m[48;2;8;16;12m▀[38;2;6;15;11m[48;2;6;15;11m▀[38;2;6;15;12m[48;2;7;17;13m▀[38;2;7;15;12m[48;2;6;16;13m▀[38;2;7;13;10m[48;2;6;16;12m▀[38;2;7;12;7m[48;2;6;13;9m▀[38;2;7;11;8m[48;2;8;13;9m▀[38;2;5;13;7m[48;2;5;14;8m▀[49m                       [0m
                       [38;2;7;12;8m[48;2;7;13;8m▀[38;2;7;13;9m[48;2;8;14;10m▀[38;2;7;15;11m[48;2;7;16;11m▀[48;2;8;15;11m▀[38;2;8;16;11m▄[48;2;8;16;12m▄[48;2;7;16;12m▄[38;2;7;16;11m[48;2;8;16;12m▀[38;2;7;17;13m[48;2;7;17;13m▀[38;2;7;17;14m[48;2;7;17;14m▀[38;2;7;16;13m▀[38;2;6;16;12m[48;2;6;17;12m▀[38;2;6;14;10m[48;2;6;15;11m▀[38;2;6;15;10m▀[49m                       [0m
                       [38;2;7;14;9m[48;2;6;15;10m▀[38;2;7;16;11m[48;2;7;15;11m▀[48;2;8;16;11m▄▄[38;2;7;16;12m[48;2;8;17;13m▀[48;2;7;17;15m▀[38;2;7;17;13m[48;2;7;18;15m▀[38;2;6;17;13m[48;2;7;18;16m▀[38;2;6;17;14m▀[38;2;7;17;14m[48;2;7;18;15m▀[48;2;6;18;14m▀[38;2;6;17;13m[48;2;5;18;14m▀[38;2;6;16;13m[48;2;6;18;15m▀[38;2;5;15;11m[48;2;5;16;13m▀[38;2;125;130;128m[48;2;5;14;11m▀[49m                      [0m
                       [38;2;6;15;10m[48;2;6;15;10m▀[38;2;6;15;11m[48;2;7;16;15m▀[38;2;7;15;12m▀[38;2;7;16;14m[48;2;5;16;16m▀[38;2;8;16;17m[48;2;6;17;16m▀▀[38;2;8;17;17m[48;2;6;17;17m▀▀▀[38;2;8;17;18m[48;2;6;17;16m▀[38;2;5;18;16m[48;2;4;18;14m▀[38;2;4;18;14m▀[38;2;3;17;12m[48;2;4;17;15m▀[38;2;4;17;13m[48;2;4;17;14m▀[48;2;5;16;12m▄[49m                      [0m
                     [38;2;123;129;126m▄[38;2;11;19;15m[48;2;4;16;12m▀[38;2;7;15;12m[48;2;4;16;13m▀[38;2;5;16;14m[48;2;3;18;12m▀[38;2;4;18;12m▄[38;2;3;18;13m[48;2;4;18;15m▀[38;2;5;19;16m▄[38;2;5;18;18m[48;2;7;21;20m▀[48;2;7;21;19m▀[48;2;8;21;20m▀[38;2;5;19;19m[48;2;7;21;19m▀[38;2;5;18;17m[48;2;6;19;18m▀[38;2;4;19;12m[48;2;5;19;15m▀[48;2;4;18;14m▀[38;2;3;19;11m[48;2;3;18;13m▀[48;2;3;18;12m▄[38;2;3;17;12m[48;2;3;18;11m▀[49m                      [0m
                     [38;2;123;129;126m[48;2;123;129;127m▀[38;2;3;17;11m[48;2;4;18;13m▀[38;2;3;17;13m[48;2;5;18;18m▀[38;2;4;19;15m[48;2;6;20;19m▀[38;2;7;21;20m▄[38;2;6;19;19m[48;2;8;22;21m▀▀[38;2;7;22;20m▀[38;2;8;23;21m▄▄[38;2;8;22;20m[48;2;9;23;21m▀[38;2;7;21;20m[48;2;8;23;21m▀[38;2;7;20;19m[48;2;8;22;21m▀[38;2;6;20;20m[48;2;8;21;20m▀[38;2;4;19;18m[48;2;6;20;19m▀[38;2;3;18;14m[48;2;5;19;18m▀[38;2;3;18;12m[48;2;4;18;17m▀[38;2;64;72;69m[48;2;4;17;13m▀[49m                     [0m
                     [38;2;124;129;128m[48;2;85;92;91m▀[38;2;4;18;16m[48;2;5;18;17m▀[38;2;6;20;19m[48;2;8;22;20m▀[38;2;7;21;20m[48;2;8;23;21m▀[38;2;9;23;21m[48;2;7;25;20m▀[38;2;8;25;21m[48;2;7;26;20m▀[38;2;7;25;20m[48;2;8;26;20m▀[48;2;8;27;20m▀[38;2;8;25;21m[48;2;8;26;20m▀[48;2;9;27;20m▀[38;2;8;25;20m[48;2;8;27;20m▀[38;2;8;26;21m[48;2;8;28;21m▀[38;2;8;25;21m[48;2;9;27;21m▀[38;2;8;24;21m[48;2;8;27;20m▀[38;2;8;22;21m[48;2;8;24;22m▀[38;2;7;21;19m[48;2;7;22;21m▀[38;2;6;19;18m[48;2;7;20;19m▀[38;2;3;17;15m[48;2;5;19;17m▀[49m                     [0m
                    [38;2;86;93;91m[48;2;85;93;91m▀[38;2;5;20;15m[48;2;5;20;15m▀[38;2;6;20;18m[48;2;7;22;20m▀[38;2;7;23;21m[48;2;7;23;20m▀[38;2;8;26;20m[48;2;8;27;21m▀[38;2;8;26;21m[48;2;10;26;23m▀[38;2;10;26;24m[48;2;12;27;25m▀▀[38;2;11;26;24m[48;2;12;26;25m▀[48;2;13;27;25m▀▀[38;2;11;27;25m[48;2;13;27;26m▀▀[48;2;12;27;25m▀[38;2;9;27;22m[48;2;10;26;24m▀[38;2;7;26;20m[48;2;9;27;23m▀[38;2;7;24;21m[48;2;8;25;21m▀[38;2;8;23;21m[48;2;8;23;21m▀[38;2;5;20;18m[48;2;6;21;19m▀[49m                     [0m
                    [38;2;85;94;92m[48;2;66;75;75m▀[38;2;7;21;19m[48;2;8;22;21m▀[38;2;8;23;21m[48;2;8;24;22m▀[38;2;7;25;19m[48;2;9;25;22m▀[38;2;9;26;21m[48;2;10;25;24m▀[38;2;11;24;24m[48;2;9;27;24m▀[38;2;11;25;25m[48;2;8;28;26m▀[38;2;10;28;25m[48;2;7;29;26m▀[38;2;9;29;24m[48;2;6;30;26m▀[38;2;9;29;25m[48;2;7;31;27m▀[48;2;7;31;28m▀[48;2;7;31;27m▀[48;2;7;30;27m▀[38;2;10;28;25m[48;2;8;29;26m▀[38;2;11;26;23m[48;2;11;27;24m▀[38;2;10;26;24m[48;2;11;25;24m▀[38;2;8;26;21m[48;2;10;25;23m▀[48;2;7;25;20m▄[38;2;6;22;21m[48;2;7;23;20m▀[38;2;48;59;56m[48;2;6;21;18m▀[38;2;83;92;90m[49m▄                   [0m
            [38;2;127;130;129m▄[38;2;53;60;56m▄[38;2;22;32;27m▄[38;2;18;26;25m▄[38;2;99;103;103m[48;2;7;18;17m▀[38;2;100;104;104m[48;2;7;19;19m▀[38;2;45;55;54m[48;2;7;22;20m▀[38;2;6;21;18m[48;2;8;24;21m▀[38;2;7;22;19m[48;2;7;24;20m▀[38;2;7;24;19m[48;2;7;28;23m▀[38;2;9;26;23m[48;2;8;28;23m▀[38;2;8;28;24m[48;2;5;30;25m▀[38;2;7;29;25m[48;2;5;32;27m▀[38;2;7;30;26m▀[38;2;6;30;26m▀[38;2;7;30;26m[48;2;4;34;26m▀[38;2;7;31;27m[48;2;3;34;27m▀[38;2;7;35;29m[48;2;4;36;28m▀[38;2;8;36;30m[48;2;4;36;29m▀[38;2;7;34;29m[48;2;5;36;29m▀[38;2;7;32;26m[48;2;5;35;29m▀[38;2;7;31;26m[48;2;4;34;27m▀[38;2;7;30;25m[48;2;4;33;27m▀[38;2;7;29;24m[48;2;5;32;27m▀[38;2;6;29;24m[48;2;5;33;27m▀[38;2;8;26;24m[48;2;7;29;25m▀[48;2;9;26;22m▄[38;2;7;24;21m[48;2;8;26;21m▀[48;2;7;22;20m▄[38;2;7;20;17m[48;2;7;23;21m▀[38;2;58;67;65m[48;2;7;21;20m▀[38;2;102;107;106m[48;2;6;20;17m▀[38;2;102;106;105m[48;2;6;17;15m▀[38;2;44;51;49m[49m▄[38;2;76;81;79m▄[38;2;76;80;80m▄            [0m
         [38;2;51;57;55m▄[38;2;104;109;106m[48;2;13;22;18m▀[38;2;26;32;30m[48;2;3;15;10m▀[38;2;4;13;11m[48;2;3;15;9m▀[38;2;4;15;12m[48;2;5;15;12m▀[38;2;7;16;16m▄[48;2;6;16;16m▀[38;2;7;20;18m[48;2;6;21;19m▀[38;2;8;21;20m[48;2;8;22;21m▀[38;2;9;24;23m▄[38;2;7;25;21m[48;2;8;26;23m▀[38;2;8;27;24m[48;2;6;29;26m▀[38;2;7;29;24m[48;2;5;31;26m▀[38;2;5;33;28m▄[38;2;4;33;28m[48;2;6;36;30m▀[38;2;5;36;30m[48;2;7;37;33m▀[38;2;7;36;30m[48;2;7;38;34m▀[38;2;6;37;31m[48;2;8;40;36m▀[38;2;5;37;31m[48;2;9;38;35m▀[38;2;4;36;30m[48;2;9;37;33m▀[38;2;5;36;29m[48;2;10;37;31m▀[38;2;5;37;29m[48;2;9;37;31m▀[38;2;5;37;31m[48;2;9;38;32m▀[38;2;5;38;32m[48;2;9;39;34m▀[38;2;6;37;32m[48;2;7;39;34m▀[48;2;8;39;34m▀[38;2;6;36;31m[48;2;7;39;34m▀[38;2;5;34;30m[48;2;7;37;33m▀[38;2;4;33;27m[48;2;7;35;31m▀[38;2;6;29;24m[48;2;4;32;27m▀[38;2;7;27;24m[48;2;6;29;25m▀[38;2;8;26;21m[48;2;7;27;25m▀[38;2;8;23;21m[48;2;8;24;22m▀[38;2;8;22;21m[48;2;8;23;22m▀[38;2;6;20;19m[48;2;7;22;20m▀[38;2;5;18;16m[48;2;7;20;19m▀[38;2;5;16;12m[48;2;6;17;15m▀[38;2;5;15;11m[48;2;5;16;13m▀[38;2;3;13;11m[48;2;5;14;12m▀[48;2;22;30;27m▄[38;2;89;93;93m[48;2;10;19;18m▀[38;2;39;43;43m[49m▄         [0m
         [38;2;21;28;28m[48;2;21;28;28m▀[38;2;2;13;10m[48;2;3;13;11m▀[38;2;3;14;9m[48;2;4;13;12m▀[38;2;3;14;10m[48;2;6;15;15m▀[38;2;7;16;16m▄[38;2;6;17;16m[48;2;7;19;18m▀[38;2;6;18;17m[48;2;7;20;19m▀[38;2;8;21;20m[48;2;8;22;21m▀[38;2;8;23;22m[48;2;8;24;22m▀[38;2;9;25;22m[48;2;7;26;21m▀[38;2;8;28;23m[48;2;7;29;24m▀[38;2;5;30;25m[48;2;4;33;28m▀[38;2;5;34;29m[48;2;7;36;31m▀[38;2;8;36;32m[48;2;19;56;50m▀[38;2;9;38;33m[48;2;10;44;38m▀[38;2;11;40;35m[48;2;11;43;38m▀[38;2;12;41;37m[48;2;12;45;39m▀[48;2;13;45;40m▀[38;2;10;41;36m[48;2;11;44;39m▀[38;2;9;40;36m[48;2;10;41;38m▀[38;2;8;39;33m[48;2;10;40;36m▀[38;2;10;39;33m▀[38;2;9;39;35m[48;2;11;40;39m▀[38;2;11;41;38m[48;2;12;44;39m▀[38;2;13;42;39m[48;2;12;45;39m▀[48;2;11;46;40m▀[38;2;13;43;38m[48;2;11;45;38m▀[38;2;11;40;35m[48;2;9;43;37m▀[38;2;8;37;32m[48;2;25;65;58m▀[38;2;6;35;31m[48;2;8;38;34m▀[38;2;5;32;27m[48;2;6;35;30m▀[38;2;5;29;23m[48;2;4;30;25m▀[38;2;7;26;22m[48;2;7;28;23m▀[38;2;8;24;21m[48;2;8;25;21m▀[38;2;8;23;21m[48;2;8;23;21m▀[38;2;7;21;19m[48;2;8;22;21m▀[38;2;6;18;17m[48;2;7;20;19m▀[38;2;6;16;15m[48;2;6;17;17m▀[38;2;5;14;12m[48;2;6;16;14m▀[38;2;4;14;13m[48;2;4;14;13m▀▀[38;2;6;13;13m[48;2;6;14;13m▀[49m         [0m
         [38;2;21;27;26m▀[38;2;3;11;12m[48;2;70;75;75m▀[38;2;4;13;13m[48;2;5;14;14m▀[38;2;7;16;16m[48;2;6;16;15m▀[38;2;7;17;16m[48;2;7;17;16m▀[38;2;7;20;19m[48;2;6;19;18m▀[38;2;7;21;20m[48;2;8;21;20m▀[38;2;8;23;21m[48;2;8;24;20m▀[38;2;9;25;22m[48;2;9;26;22m▀[38;2;8;28;23m[48;2;8;28;25m▀[38;2;5;31;26m[48;2;6;33;28m▀[38;2;6;35;30m[48;2;9;35;32m▀[38;2;8;38;32m[48;2;11;42;37m▀[38;2;68;146;133m[48;2;67;148;133m▀[38;2;87;184;168m[48;2;99;204;188m▀[38;2;65;143;132m[48;2;100;205;193m▀[38;2;43;106;96m[48;2;98;209;195m▀[38;2;19;69;60m[48;2;99;206;191m▀[38;2;10;49;42m[48;2;80;175;159m▀[38;2;10;45;40m[48;2;54;128;114m▀[38;2;9;42;37m[48;2;25;75;67m▀[38;2;9;43;38m[48;2;22;73;64m▀[38;2;9;44;40m[48;2;40;107;94m▀[38;2;9;48;41m[48;2;75;160;146m▀[38;2;14;57;49m[48;2;95;201;184m▀[38;2;36;96;86m[48;2;99;213;197m▀[38;2;59;138;125m[48;2;100;208;195m▀[38;2;84;179;164m[48;2;103;205;194m▀[38;2;98;199;182m[48;2;100;199;186m▀[38;2;9;43;36m[48;2;10;47;40m▀[38;2;7;38;33m[48;2;8;39;33m▀[38;2;5;33;28m[48;2;5;36;30m▀[38;2;6;28;24m[48;2;8;30;28m▀[38;2;7;26;22m[48;2;7;27;23m▀[38;2;8;25;21m[48;2;8;26;22m▀[38;2;7;23;21m[48;2;7;24;20m▀[38;2;8;20;20m[48;2;7;20;19m▀[38;2;7;18;17m[48;2;7;19;18m▀[38;2;6;17;16m[48;2;6;17;16m▀[38;2;5;15;13m[48;2;6;15;15m▀[38;2;3;13;12m[48;2;57;64;64m▀[38;2;7;13;11m[49m▀         [0m
          [38;2;81;87;88m▀[38;2;5;13;13m[48;2;88;93;92m▀[38;2;7;16;15m[48;2;7;15;15m▀[38;2;7;17;16m[48;2;7;16;16m▀[38;2;7;20;19m[48;2;6;20;19m▀[38;2;8;22;20m[48;2;8;23;21m▀[38;2;8;25;22m▄[38;2;8;26;23m[48;2;9;26;24m▀[38;2;7;31;25m[48;2;7;32;28m▀[38;2;6;34;30m[48;2;8;36;32m▀[38;2;8;38;33m[48;2;10;40;34m▀[38;2;11;46;37m[48;2;10;47;39m▀[38;2;129;170;161m[48;2;193;214;208m▀[38;2;197;238;230m[48;2;153;197;188m▀[38;2;82;170;154m[48;2;22;157;134m▀[38;2;44;163;140m[48;2;30;217;199m▀[38;2;48;162;142m[48;2;26;195;173m▀[38;2;105;217;199m[48;2;120;199;187m▀[38;2;100;208;191m[48;2;195;240;231m▀[38;2;75;170;157m[48;2;119;194;182m▀[38;2;76;169;158m[48;2;94;181;170m▀[38;2;91;194;179m[48;2;192;235;226m▀[38;2;105;220;201m[48;2;150;216;204m▀[38;2;60;173;154m[48;2;27;182;161m▀[38;2;47;166;145m[48;2;28;219;202m▀[38;2;60;162;147m[48;2;21;174;152m▀[38;2;184;234;227m[48;2;117;180;167m▀[38;2;100;200;187m[48;2;178;229;221m▀[38;2;11;51;43m[48;2;28;65;59m▀[38;2;9;42;36m[48;2;10;43;38m▀[38;2;6;38;32m[48;2;7;39;33m▀[38;2;7;33;29m[48;2;6;34;29m▀[38;2;8;29;25m[48;2;8;29;26m▀[38;2;8;26;22m[48;2;8;26;22m▀[38;2;7;23;20m[48;2;8;24;20m▀[38;2;7;21;20m[48;2;7;22;21m▀[38;2;7;21;19m[48;2;7;21;19m▀[38;2;6;18;17m[48;2;7;19;18m▀[38;2;5;15;15m[48;2;81;87;86m▀[38;2;66;72;72m[49m▀          [0m
            [38;2;6;15;15m[48;2;62;69;67m▀[38;2;6;17;16m[48;2;20;30;29m▀[38;2;6;20;19m[48;2;6;20;19m▀[38;2;8;23;21m[48;2;8;22;21m▀[38;2;8;25;22m[48;2;9;25;22m▀[38;2;9;26;23m[48;2;8;28;23m▀[38;2;8;32;29m[48;2;8;32;29m▀[38;2;8;37;33m[48;2;7;37;34m▀[38;2;10;43;36m[48;2;10;43;37m▀[38;2;10;49;41m[48;2;11;51;43m▀[38;2;215;236;230m[48;2;215;236;229m▀[38;2;86;167;150m[48;2;87;175;157m▀[38;2;50;215;198m[48;2;103;231;222m▀[38;2;188;253;252m[48;2;201;252;254m▀[38;2;124;248;242m[48;2;184;252;252m▀[38;2;31;171;147m[48;2;19;194;169m▀[38;2;208;242;235m[48;2;55;190;159m▀[38;2;140;218;205m[48;2;181;246;233m▀[38;2;112;209;192m[48;2;217;250;243m▀[38;2;217;245;240m[48;2;53;177;151m▀[38;2;70;176;153m[48;2;19;171;145m▀[38;2;89;238;228m[48;2;149;252;249m▀[38;2;188;252;253m[48;2;199;252;254m▀[38;2;79;234;223m[48;2;130;247;241m▀[38;2;44;152;131m[48;2;44;163;142m▀[38;2;236;252;247m[48;2;235;252;247m▀[38;2;39;78;70m[48;2;39;80;72m▀[38;2;11;45;40m[48;2;11;47;40m▀[38;2;8;40;35m[48;2;9;42;36m▀[38;2;7;35;31m[48;2;7;36;31m▀[38;2;9;30;26m[48;2;9;30;26m▀[38;2;8;26;22m[48;2;8;26;22m▀[38;2;8;24;21m[48;2;7;24;21m▀[38;2;8;22;21m[48;2;8;22;21m▀[38;2;7;22;19m[48;2;49;62;58m▀[38;2;7;20;18m[48;2;63;74;71m▀[49m            [0m
             [38;2;67;77;74m[48;2;71;79;76m▀[38;2;7;20;18m[48;2;11;24;20m▀[38;2;8;22;20m[48;2;11;25;21m▀[38;2;9;25;22m[48;2;8;24;22m▀[38;2;9;28;23m[48;2;9;28;23m▀[38;2;7;32;29m[48;2;7;32;28m▀[38;2;7;38;33m[48;2;8;37;33m▀[38;2;10;43;37m[48;2;10;43;38m▀[38;2;11;51;43m[48;2;14;53;44m▀[38;2;215;236;230m[48;2;216;236;230m▀[38;2;88;174;157m[48;2;89;165;150m▀[38;2;102;232;221m[48;2;50;212;196m▀[38;2;200;252;253m[48;2;180;252;250m▀[38;2;183;252;251m[48;2;126;246;241m▀[38;2;21;192;167m[48;2;18;170;144m▀[38;2;217;245;240m[48;2;223;245;238m▀[38;2;239;253;249m[48;2;238;253;247m▀[38;2;226;251;244m[48;2;231;251;245m▀[38;2;101;238;217m[48;2;207;247;240m▀[38;2;34;191;166m[48;2;61;178;157m▀[38;2;148;251;249m[48;2;92;241;232m▀[38;2;199;252;253m[48;2;186;251;251m▀[38;2;131;246;240m[48;2;77;231;220m▀[38;2;45;162;142m[48;2;44;151;131m▀[38;2;236;252;248m[48;2;236;253;248m▀[38;2;40;80;73m[48;2;48;86;78m▀[38;2;11;47;40m[48;2;11;46;39m▀[38;2;9;41;36m[48;2;8;41;36m▀[38;2;8;36;31m[48;2;6;36;30m▀[38;2;9;30;27m[48;2;9;29;26m▀[38;2;8;26;23m[48;2;7;27;23m▀[38;2;7;25;21m[48;2;10;28;22m▀[38;2;6;24;18m[48;2;9;25;20m▀[49m              [0m
                [38;2;7;24;21m[48;2;6;22;18m▀[38;2;8;26;23m[48;2;7;25;21m▀[38;2;7;31;27m[48;2;5;30;25m▀[38;2;7;37;32m[48;2;7;36;31m▀[38;2;9;42;35m[48;2;8;42;35m▀[38;2;131;156;151m[48;2;130;155;148m▀[38;2;237;253;247m[48;2;237;254;248m▀[38;2;168;207;198m[48;2;234;251;246m▀[38;2;18;149;126m[48;2;100;165;152m▀[38;2;20;210;189m[48;2;58;155;136m▀[38;2;17;191;166m[48;2;64;155;136m▀[38;2;114;185;170m[48;2;227;248;242m▀[38;2;236;251;245m[48;2;231;246;241m▀[38;2;179;201;194m[48;2;76;111;103m▀[38;2;138;168;161m[48;2;37;78;69m▀[38;2;239;254;248m[48;2;225;240;235m▀[38;2;158;207;197m[48;2;236;252;246m▀[38;2;20;181;158m[48;2;101;177;162m▀[38;2;23;213;193m[48;2;70;169;148m▀[38;2;18;167;143m[48;2;84;161;144m▀[38;2;132;187;175m[48;2;232;250;244m▀[38;2;238;253;247m[48;2;235;253;247m▀[38;2;181;201;195m[48;2;182;200;195m▀[38;2;10;46;39m[48;2;9;44;38m▀[38;2;7;41;35m[48;2;7;40;34m▀[38;2;7;35;30m[48;2;6;35;29m▀[38;2;8;29;26m[48;2;6;28;23m▀[38;2;6;27;23m[48;2;5;25;21m▀[49m                [0m
                   [38;2;24;50;44m[48;2;29;54;48m▀[38;2;9;40;34m[48;2;8;39;34m▀[38;2;129;155;147m[48;2;77;107;99m▀[38;2;204;247;237m[48;2;211;237;231m▀[38;2;213;249;240m[48;2;230;251;245m▀[38;2;239;253;248m[48;2;213;248;240m▀[38;2;238;253;248m[48;2;153;239;223m▀[38;2;239;253;249m[48;2;188;245;232m▀[38;2;239;253;248m[48;2;239;254;248m▀[38;2;204;223;217m[48;2;164;188;180m▀[38;2;12;54;47m[48;2;12;51;45m▀[48;2;11;51;46m▀[38;2;158;183;175m[48;2;115;145;138m▀[38;2;238;254;247m[48;2;238;254;247m▀[38;2;237;253;248m[48;2;213;247;241m▀[48;2;167;244;227m▀[38;2;238;253;248m[48;2;234;253;247m▀[38;2;231;252;245m[48;2;232;252;246m▀[38;2;191;245;233m[48;2;221;250;243m▀[38;2;181;200;194m[48;2;116;142;136m▀[38;2;7;43;35m[48;2;7;40;35m▀[38;2;7;40;32m[48;2;6;39;33m▀[49m                   [0m
                   [38;2;30;55;50m[48;2;31;55;51m▀[38;2;11;43;38m[48;2;17;48;43m▀[38;2;7;41;34m[48;2;10;37;33m▀[38;2;166;188;182m[48;2;8;43;36m▀[38;2;194;215;210m[48;2;9;46;38m▀[38;2;169;212;204m[48;2;9;50;42m▀[38;2;145;224;211m[48;2;134;161;155m▀[38;2;231;252;247m[48;2;238;253;246m▀[38;2;238;253;248m▀[38;2;108;138;130m[48;2;111;139;131m▀[38;2;29;66;60m[48;2;81;110;102m▀[38;2;42;77;71m[48;2;127;151;144m▀[38;2;60;95;87m[48;2;63;98;87m▀[38;2;238;254;248m[48;2;238;254;247m▀[38;2;143;236;220m[48;2;142;235;220m▀[38;2;137;235;214m[48;2;85;164;148m▀[38;2;188;213;207m[48;2;9;55;45m▀[38;2;189;214;207m[48;2;9;51;42m▀[38;2;190;213;208m[48;2;10;46;39m▀[38;2;22;58;50m[48;2;9;39;37m▀[38;2;9;38;34m[48;2;8;35;32m▀[38;2;8;40;33m[48;2;11;42;34m▀[49m                   [0m
                   [38;2;31;54;50m[48;2;31;54;50m▀[38;2;17;47;41m[48;2;17;46;42m▀[38;2;10;35;33m[48;2;7;34;29m▀[38;2;9;39;34m[48;2;10;35;32m▀[38;2;47;110;97m[48;2;61;133;118m▀[38;2;45;114;100m[48;2;83;179;158m▀[38;2;51;87;77m[48;2;48;85;76m▀[38;2;238;253;246m[48;2;237;253;246m▀[48;2;238;253;246m▀[38;2;229;245;239m▀[38;2;227;243;237m[48;2;238;253;247m▀[38;2;230;246;240m▀[38;2;227;243;237m[48;2;238;253;246m▀[38;2;238;254;247m[48;2;238;254;248m▀[38;2;144;235;220m[48;2;144;235;219m▀[38;2;57;120;108m[48;2;56;117;104m▀[38;2;30;88;75m[48;2;63;139;123m▀[38;2;68;146;131m[48;2;87;181;162m▀[38;2;9;42;35m[48;2;9;37;33m▀[38;2;10;36;33m[48;2;9;34;31m▀[38;2;8;34;31m[48;2;8;32;29m▀[38;2;10;42;34m[48;2;11;40;34m▀[49m                   [0m
                   [38;2;31;53;49m[48;2;30;53;48m▀[38;2;17;46;41m[48;2;17;46;42m▀[38;2;8;32;28m[48;2;7;30;27m▀[38;2;10;33;31m[48;2;9;32;30m▀[38;2;61;93;86m[48;2;63;87;81m▀[38;2;201;247;236m[48;2;217;248;239m▀[38;2;53;89;81m[48;2;37;75;67m▀[38;2;237;253;246m[48;2;220;240;232m▀[38;2;238;253;246m[48;2;178;198;190m▀▀[48;2;224;242;235m▀[48;2;190;210;202m▀[48;2;179;200;192m▀[38;2;237;253;247m[48;2;195;215;208m▀[38;2;146;236;219m[48;2;129;219;204m▀[38;2;56;114;103m[48;2;46;96;86m▀[38;2;170;198;191m[48;2;181;199;193m▀[38;2;123;154;147m[48;2;129;151;145m▀[38;2;9;35;33m[48;2;9;34;32m▀[38;2;9;32;31m[48;2;10;31;30m▀[38;2;7;32;28m[48;2;6;30;27m▀[38;2;12;38;34m[48;2;9;40;33m▀[49m                   [0m
                   [38;2;30;52;48m[48;2;30;52;48m▀[38;2;17;47;41m[48;2;16;46;41m▀[38;2;7;30;25m[48;2;8;28;25m▀[38;2;10;32;28m[48;2;9;31;27m▀[38;2;62;85;80m[48;2;62;85;80m▀[38;2;216;248;240m[48;2;215;249;240m▀[38;2;16;51;44m[48;2;15;50;43m▀[38;2;212;221;218m[48;2;206;215;213m▀[38;2;165;178;173m[48;2;165;176;172m▀[38;2;160;172;168m[48;2;160;172;168m▀[38;2;234;239;238m[48;2;235;238;237m▀[38;2;181;193;190m[48;2;182;192;188m▀[38;2;161;173;170m[48;2;161;171;169m▀[38;2;186;196;194m[48;2;186;195;192m▀[38;2;178;219;210m[48;2;209;220;216m▀[38;2;30;62;54m[48;2;33;60;53m▀[38;2;181;199;192m[48;2;180;198;191m▀[38;2;129;151;145m[48;2;128;149;144m▀[38;2;7;34;29m[48;2;7;33;27m▀[38;2;9;30;27m[48;2;9;28;26m▀[38;2;7;27;25m[48;2;5;26;25m▀[38;2;9;40;33m[48;2;10;39;34m▀[49m                   [0m
                   [38;2;29;51;47m[48;2;29;51;47m▀[38;2;16;47;41m[48;2;16;48;42m▀[38;2;9;26;25m[48;2;9;25;25m▀[38;2;10;30;27m[48;2;10;28;26m▀[38;2;63;85;80m[48;2;63;83;79m▀[38;2;215;249;241m[48;2;216;249;239m▀[38;2;14;49;42m[48;2;20;54;45m▀[38;2;18;46;40m[48;2;145;161;156m▀[38;2;24;56;46m[48;2;107;126;120m▀[38;2;27;57;47m[48;2;100;120;114m▀[38;2;40;69;59m[48;2;144;159;154m▀[38;2;33;63;52m[48;2;112;131;124m▀[38;2;28;58;48m[48;2;101;120;115m▀[38;2;29;60;51m[48;2;113;132;126m▀[38;2;20;51;42m[48;2;155;172;167m▀[38;2;8;37;30m[48;2;16;43;37m▀[38;2;180;198;191m[48;2;180;198;191m▀[38;2;128;149;143m[48;2;127;148;142m▀[38;2;8;31;26m[48;2;8;29;26m▀[38;2;9;27;25m[48;2;8;27;26m▀[38;2;5;26;24m[48;2;5;24;23m▀[38;2;10;38;34m[48;2;11;39;34m▀[49m                   [0m
                  [38;2;79;89;86m[48;2;12;25;24m▀[38;2;14;36;31m[48;2;9;31;26m▀[38;2;15;46;39m[48;2;15;47;40m▀[38;2;7;24;24m[48;2;6;24;22m▀[38;2;8;27;26m[48;2;8;27;27m▀[38;2;62;83;78m[48;2;56;75;71m▀[38;2;236;253;246m[48;2;221;236;230m▀[38;2;164;182;176m[48;2;223;239;232m▀[38;2;194;208;202m[48;2;229;243;237m▀[38;2;164;175;171m[48;2;194;208;203m▀[38;2;159;170;166m[48;2;190;202;198m▀[38;2;235;238;237m[48;2;237;245;242m▀[38;2;181;190;187m[48;2;200;214;209m▀[38;2;160;172;168m[48;2;188;202;198m▀[38;2;181;190;187m[48;2;205;217;213m▀[38;2;206;223;217m[48;2;211;236;230m▀[38;2;125;145;139m[48;2;206;232;225m▀[38;2;231;248;242m[48;2;224;245;239m▀[38;2;128;147;141m[48;2;112;130;126m▀[38;2;7;28;25m[48;2;8;27;25m▀[38;2;7;26;26m[48;2;6;26;24m▀[38;2;4;24;21m[48;2;10;36;31m▀[38;2;12;42;36m[48;2;13;43;36m▀[38;2;54;66;64m[48;2;7;22;21m▀[49m                  [0m
                  [38;2;11;24;23m[48;2;11;23;22m▀[38;2;9;29;25m[48;2;9;27;24m▀[38;2;17;52;44m[48;2;17;52;43m▀[38;2;8;32;29m[48;2;9;31;28m▀[38;2;7;27;26m[48;2;5;26;26m▀[38;2;8;28;25m[48;2;8;28;24m▀[38;2;116;134;129m[48;2;35;56;50m▀[38;2;238;253;247m[48;2;172;188;182m▀[48;2;238;253;247m▀[38;2;225;253;246m[48;2;223;253;245m▀[38;2;219;253;245m[48;2;229;252;247m▀[38;2;220;253;244m[48;2;243;252;251m▀[38;2;219;253;244m[48;2;243;252;250m▀[38;2;221;253;246m[48;2;234;252;248m▀[38;2;220;254;245m[48;2;219;253;245m▀[38;2;221;253;246m[48;2;220;253;246m▀[38;2;223;253;246m[48;2;204;231;226m▀[38;2;173;198;192m[48;2;50;71;66m▀[38;2;6;29;24m[48;2;8;28;25m▀[38;2;8;26;25m[48;2;7;26;26m▀[38;2;5;25;23m[48;2;4;25;22m▀[38;2;11;37;32m[48;2;10;37;32m▀[38;2;13;42;35m[48;2;13;42;35m▀[38;2;6;22;20m[48;2;7;21;19m▀[49m                  [0m
                  [38;2;10;22;20m[48;2;10;21;19m▀[38;2;9;26;23m[48;2;9;26;23m▀[38;2;17;51;41m[48;2;16;51;41m▀[38;2;8;31;27m[48;2;8;30;27m▀[38;2;4;25;23m[48;2;2;24;21m▀[38;2;8;26;25m[48;2;7;26;25m▀[38;2;8;27;25m[48;2;8;26;24m▀[38;2;116;133;128m[48;2;6;28;23m▀[38;2;226;241;234m[48;2;184;200;193m▀[38;2;230;253;247m[48;2;237;254;247m▀[38;2;243;253;251m[48;2;249;254;252m▀[38;2;253;253;253m[48;2;252;253;253m▀[38;2;254;254;254m[48;2;245;253;251m▀[38;2;247;253;251m[48;2;241;253;250m▀[38;2;224;253;246m[48;2;228;252;247m▀[38;2;218;253;245m[48;2;218;249;242m▀[38;2;153;178;173m[48;2;16;36;31m▀[38;2;7;27;23m[48;2;8;26;23m▀[38;2;9;27;24m[48;2;8;26;25m▀[38;2;6;26;25m[48;2;4;25;24m▀[38;2;2;24;19m[48;2;3;23;19m▀[38;2;11;37;32m[48;2;11;37;32m▀[38;2;13;42;34m[48;2;13;42;35m▀[38;2;6;19;17m[48;2;7;18;18m▀[49m                  [0m
                 [38;2;31;40;37m[48;2;4;16;12m▀[38;2;6;17;16m[48;2;6;17;16m▀[38;2;9;26;22m[48;2;9;23;20m▀[38;2;16;52;41m[48;2;14;46;38m▀[38;2;11;37;31m[48;2;18;50;41m▀[38;2;3;25;21m[48;2;5;27;22m▀[38;2;4;26;24m[48;2;2;25;22m▀[38;2;8;26;25m[48;2;6;26;26m▀[38;2;7;27;24m[48;2;9;26;25m▀[38;2;94;111;106m[48;2;5;26;22m▀[38;2;224;239;233m[48;2;164;178;174m▀[38;2;238;253;247m[48;2;185;199;194m▀[38;2;238;253;248m[48;2;185;199;195m▀[38;2;237;253;247m[48;2;185;199;194m▀[38;2;225;252;245m[48;2;178;201;195m▀[38;2;209;252;242m[48;2;168;201;194m▀[38;2;130;155;149m[48;2;33;56;51m▀[38;2;12;32;27m[48;2;7;25;23m▀[38;2;8;26;25m[48;2;6;25;25m▀[38;2;6;26;26m[48;2;3;25;23m▀[38;2;2;24;21m[48;2;3;23;18m▀[38;2;3;22;18m[48;2;5;21;18m▀[38;2;11;36;31m[48;2;10;35;30m▀[38;2;13;41;35m[48;2;13;40;33m▀[38;2;7;18;17m[48;2;7;17;17m▀[38;2;25;36;32m[48;2;5;16;14m▀[49m                 [0m
              [38;2;56;63;59m▄[38;2;15;24;20m▄[38;2;108;113;111m[48;2;5;16;11m▀[38;2;4;15;12m[48;2;5;15;13m▀[38;2;5;17;15m[48;2;4;16;14m▀[38;2;6;17;17m[48;2;6;17;16m▀[38;2;10;30;26m[48;2;11;30;26m▀[38;2;18;51;41m[48;2;18;51;42m▀[38;2;6;27;23m[48;2;7;26;22m▀[38;2;2;24;20m[48;2;3;23;20m▀[38;2;3;25;22m[48;2;4;23;21m▀[38;2;7;26;25m[48;2;3;25;23m▀[38;2;7;26;23m[48;2;5;26;26m▀[38;2;5;27;22m[48;2;6;26;23m▀[38;2;6;30;24m[48;2;8;27;24m▀[38;2;5;32;24m[48;2;9;27;24m▀[48;2;10;27;24m▀[38;2;5;31;23m[48;2;9;27;24m▀[38;2;5;29;22m[48;2;8;26;24m▀[38;2;7;26;23m[48;2;7;26;26m▀[38;2;5;27;26m▄[38;2;5;26;26m[48;2;2;24;22m▀[38;2;2;24;21m[48;2;3;23;20m▀[38;2;3;22;19m[48;2;3;23;19m▀[38;2;4;23;19m[48;2;5;22;19m▀[38;2;16;50;39m[48;2;17;49;40m▀[38;2;13;40;33m[48;2;8;26;22m▀[38;2;6;17;16m[48;2;5;17;16m▀[38;2;4;15;14m[48;2;4;15;14m▀[38;2;78;84;83m[48;2;4;15;12m▀[38;2;5;15;11m[49m▄[38;2;45;52;48m▄              [0m
            [38;2;55;61;58m▄[38;2;55;62;58m▄[38;2;19;25;22m[48;2;9;17;12m▀[38;2;6;15;10m[48;2;5;14;10m▀[38;2;5;15;11m[48;2;3;14;10m▀[38;2;6;15;13m[48;2;6;15;12m▀[38;2;5;15;15m[48;2;6;16;15m▀[38;2;5;16;16m[48;2;5;16;15m▀[38;2;11;30;25m[48;2;10;29;24m▀[38;2;18;51;41m[48;2;18;50;40m▀[38;2;7;25;22m[48;2;8;24;22m▀[38;2;3;24;20m[48;2;4;22;18m▀[48;2;4;24;19m▀[48;2;4;24;20m▀[38;2;3;25;24m[48;2;4;25;21m▀[38;2;5;27;26m[48;2;3;25;21m▀[38;2;8;26;26m[48;2;3;25;22m▀[38;2;10;26;25m[48;2;4;25;24m▀[38;2;11;27;25m[48;2;4;25;23m▀[38;2;11;26;26m[48;2;3;25;23m▀[38;2;8;26;26m[48;2;3;25;22m▀[38;2;4;26;25m[48;2;3;23;20m▀[38;2;2;24;22m[48;2;3;24;20m▀[38;2;2;24;19m[48;2;5;24;18m▀[38;2;4;23;19m[48;2;4;23;18m▀[38;2;3;23;19m[48;2;4;22;18m▀[38;2;7;21;20m[48;2;7;20;19m▀[38;2;17;49;41m[48;2;18;47;41m▀[38;2;6;19;16m[48;2;7;19;17m▀[38;2;5;16;16m[48;2;5;16;15m▀[38;2;4;15;14m[48;2;4;15;14m▀[38;2;5;15;13m[48;2;5;15;12m▀[38;2;5;15;11m[48;2;5;14;9m▀[38;2;4;14;9m[48;2;6;13;9m▀[38;2;43;49;46m[49m▄[38;2;55;60;57m▄            [0m
           [38;2;95;97;96m▄[38;2;6;11;9m[48;2;5;12;7m▀[38;2;7;13;12m[48;2;5;13;9m▀[38;2;7;15;11m[48;2;7;16;11m▀[48;2;6;15;10m▄[38;2;3;13;10m[48;2;3;14;10m▀[38;2;5;14;11m[48;2;4;14;10m▀[38;2;5;16;13m[48;2;6;16;12m▀[38;2;5;15;15m[48;2;4;15;14m▀[38;2;10;28;24m[48;2;9;28;23m▀[38;2;18;49;42m[48;2;15;48;37m▀[38;2;8;23;21m[48;2;8;23;21m▀[38;2;5;21;18m[48;2;6;20;18m▀[38;2;3;24;20m[48;2;5;22;19m▀[48;2;4;23;19m▀[48;2;3;24;19m▄[38;2;4;24;19m[48;2;4;25;20m▀[38;2;3;24;19m[48;2;4;25;21m▀[38;2;4;25;20m[48;2;4;26;21m▀[38;2;4;25;19m▀▀[38;2;3;24;19m[48;2;3;25;20m▀[38;2;4;24;19m[48;2;4;24;20m▀[38;2;4;23;19m[48;2;4;23;20m▀[38;2;3;23;18m[48;2;4;21;19m▀[38;2;4;22;18m[48;2;6;20;18m▀[38;2;7;19;17m[48;2;6;18;17m▀[38;2;7;19;18m[48;2;7;18;17m▀[38;2;17;47;39m[48;2;17;46;39m▀[38;2;6;19;16m[48;2;6;18;17m▀[38;2;5;15;15m[48;2;5;16;15m▀[48;2;5;15;14m▀[38;2;6;14;13m[48;2;7;15;11m▀[38;2;6;14;10m[48;2;7;15;10m▀[48;2;6;14;10m▀[38;2;6;13;11m[48;2;6;12;11m▀[38;2;6;12;10m[48;2;7;11;11m▀[38;2;74;76;76m[49m▄[38;2;116;118;116m▄          [0m
          [38;2;22;28;24m[48;2;15;21;18m▀[38;2;5;11;6m[48;2;3;11;8m▀[38;2;5;12;8m[48;2;5;11;9m▀[38;2;5;13;8m[48;2;6;11;10m▀[38;2;7;15;11m[48;2;6;13;10m▀[48;2;7;15;11m▀[38;2;3;14;10m[48;2;3;14;10m▀[48;2;4;14;10m▀[38;2;5;15;11m[48;2;5;15;11m▀[38;2;4;15;14m[48;2;5;15;14m▀[38;2;8;27;22m[48;2;10;26;23m▀[38;2;13;47;34m[48;2;16;44;37m▀[38;2;7;21;19m[48;2;6;20;18m▀[38;2;6;19;17m[48;2;6;18;15m▀[38;2;6;20;18m[48;2;7;18;16m▀[38;2;6;21;19m[48;2;7;19;18m▀[48;2;7;20;19m▀[38;2;5;23;19m▀[38;2;5;23;20m[48;2;8;21;19m▀[38;2;6;23;20m▀[38;2;6;23;21m▀[38;2;5;23;20m▀[48;2;8;20;19m▀[38;2;6;22;19m[48;2;7;20;18m▀[38;2;6;21;18m[48;2;6;20;18m▀[38;2;7;19;17m▄[38;2;6;19;17m[48;2;7;17;16m▀[38;2;6;18;16m[48;2;5;15;13m▀[38;2;6;18;17m[48;2;5;15;12m▀[38;2;16;46;38m[48;2;15;45;38m▀[38;2;6;18;17m[48;2;6;18;16m▀[38;2;5;15;15m[48;2;5;15;15m▀[38;2;5;15;14m[48;2;5;14;13m▀[38;2;7;15;11m[48;2;8;15;10m▀[38;2;6;15;10m[48;2;6;14;10m▀[38;2;4;13;8m[48;2;4;13;9m▀[38;2;6;11;11m[48;2;5;12;10m▀[48;2;5;11;9m▀[38;2;4;10;6m[48;2;4;11;9m▀[38;2;4;10;5m[48;2;4;10;9m▀[38;2;47;51;48m[48;2;32;35;35m▀[49m         [0m
      [38;2;29;29;30m[48;2;2;3;2m▀[38;2;19;20;20m[48;2;3;4;3m▀[38;2;3;4;2m[48;2;4;6;4m▀[38;2;3;5;4m[48;2;3;8;5m▀[38;2;2;9;9m[48;2;2;9;9m▀[38;2;3;10;9m[48;2;3;10;9m▀[38;2;4;11;9m[48;2;3;10;8m▀[38;2;5;11;9m[48;2;6;11;9m▀[38;2;5;12;9m[48;2;6;12;10m▀[38;2;7;14;11m[48;2;6;13;10m▀[38;2;4;14;11m[48;2;6;13;11m▀[38;2;4;13;10m[48;2;4;13;10m▀[38;2;5;14;11m▀[38;2;5;14;12m[48;2;5;14;12m▀[38;2;4;14;13m[48;2;4;13;12m▀[38;2;11;34;28m[48;2;11;33;27m▀[38;2;13;42;33m[48;2;14;41;34m▀[38;2;5;14;13m[48;2;4;13;10m▀[38;2;7;16;15m[48;2;5;14;10m▀[38;2;7;16;16m[48;2;6;15;12m▀[38;2;7;18;17m[48;2;7;16;14m▀[38;2;6;20;18m[48;2;7;17;16m▀[38;2;7;20;19m[48;2;7;18;16m▀[38;2;7;20;18m▀[48;2;8;18;17m▀[38;2;7;20;19m[48;2;7;18;16m▀[38;2;7;19;18m[48;2;7;17;16m▀[38;2;6;18;17m[48;2;7;16;15m▀[38;2;7;18;17m▀[38;2;8;16;16m[48;2;5;15;12m▀[38;2;6;15;13m[48;2;5;14;10m▀[38;2;10;28;23m▄[38;2;14;39;33m[48;2;15;42;35m▀[38;2;15;44;37m[48;2;15;44;37m▀[38;2;5;17;13m[48;2;6;17;13m▀[38;2;5;14;14m[48;2;5;14;13m▀[38;2;5;14;11m[48;2;5;14;11m▀[38;2;6;15;10m[48;2;5;14;8m▀[38;2;4;13;8m[48;2;4;13;8m▀[38;2;5;12;10m[48;2;5;12;10m▀[38;2;5;12;9m[48;2;5;12;9m▀[38;2;5;12;8m[48;2;5;11;9m▀[38;2;4;10;9m[48;2;4;10;9m▀[38;2;3;9;10m[48;2;3;9;9m▀[48;2;4;8;10m▄[38;2;3;7;7m[48;2;3;8;9m▀[38;2;4;6;4m[48;2;3;8;5m▀[38;2;27;30;27m[48;2;3;9;4m▀[38;2;107;108;107m[48;2;89;92;90m▀[49m     [0m
    [38;2;72;73;72m▄[38;2;93;93;93m[48;2;2;3;1m▀[38;2;3;4;3m[48;2;4;5;3m▀[38;2;4;5;4m[48;2;5;6;4m▀[38;2;5;7;4m[48;2;5;7;5m▀[38;2;3;9;5m[48;2;2;9;3m▀[48;2;3;9;8m▄[38;2;3;9;10m[48;2;3;8;9m▀[38;2;3;9;8m[48;2;3;9;9m▀[38;2;5;11;9m[48;2;4;10;9m▀[48;2;6;11;9m▄[38;2;6;12;9m[48;2;6;12;9m▀[38;2;5;12;11m[48;2;5;12;10m▀[38;2;4;12;11m[48;2;6;11;12m▀[38;2;4;12;10m[48;2;5;11;12m▀[38;2;5;13;12m[48;2;6;13;13m▀[38;2;4;13;12m[48;2;4;12;11m▀[38;2;8;25;20m[48;2;5;17;15m▀[38;2;15;41;35m[48;2;14;42;35m▀[38;2;9;29;22m[48;2;13;39;32m▀[38;2;4;13;9m[48;2;8;23;18m▀[38;2;4;14;10m[48;2;2;14;8m▀[38;2;5;15;12m▀[38;2;6;16;12m[48;2;2;15;8m▀[38;2;7;16;14m[48;2;3;15;9m▀[38;2;7;17;14m[48;2;3;16;10m▀[38;2;7;16;14m[48;2;3;16;9m▀[38;2;6;16;13m▀[38;2;5;16;12m[48;2;1;16;8m▀[48;2;1;15;8m▀[38;2;4;15;10m[48;2;1;14;8m▀[38;2;4;14;9m[48;2;3;13;9m▀[38;2;4;14;10m[48;2;4;15;10m▀[38;2;14;44;37m[48;2;14;43;35m▀[38;2;15;43;36m▀[38;2;8;21;17m[48;2;5;14;13m▀[38;2;4;14;12m[48;2;4;13;12m▀[38;2;5;14;14m[48;2;5;13;12m▀[38;2;5;13;10m[48;2;5;12;11m▀[38;2;6;11;13m▄[38;2;6;11;12m[48;2;6;12;11m▀[38;2;6;11;10m[48;2;5;12;9m▀[38;2;6;11;9m▄[38;2;5;11;9m[48;2;5;11;9m▀[38;2;4;10;9m[48;2;4;9;9m▀[38;2;3;9;9m[48;2;3;9;10m▀[38;2;4;9;11m[48;2;4;9;10m▀[38;2;2;8;9m[48;2;2;8;9m▀[38;2;2;8;6m[48;2;3;8;6m▀[38;2;3;8;4m[48;2;5;7;5m▀[38;2;37;39;37m[48;2;5;6;4m▀[38;2;101;101;100m[48;2;4;4;3m▀[49m    [0m
    [38;2;73;74;73m[48;2;73;73;72m▀[38;2;3;3;2m[48;2;2;3;2m▀[38;2;5;5;4m[48;2;4;5;3m▀[38;2;5;6;4m[48;2;5;6;4m▀[38;2;5;6;5m▀[38;2;4;8;5m[48;2;5;7;5m▀[38;2;3;9;4m[48;2;3;8;4m▀[38;2;2;8;8m[48;2;3;9;5m▀[38;2;3;9;9m[48;2;3;8;9m▀[48;2;4;10;9m▄[38;2;4;9;9m▄[38;2;6;12;10m[48;2;6;11;9m▀[48;2;6;12;9m▄[38;2;6;13;9m[48;2;6;13;10m▀[38;2;5;12;9m[48;2;5;12;9m▀[38;2;4;13;11m[48;2;6;12;13m▀[38;2;3;12;11m[48;2;4;12;12m▀[38;2;5;18;15m[48;2;3;11;11m▀[38;2;14;41;35m[48;2;5;14;13m▀[38;2;13;44;34m[48;2;16;44;35m▀[38;2;13;39;32m[48;2;12;43;30m▀[38;2;3;11;8m[48;2;12;36;28m▀[38;2;2;13;8m[48;2;5;18;13m▀[38;2;2;14;8m[48;2;4;11;10m▀[38;2;2;15;9m[48;2;5;11;11m▀[48;2;6;11;11m▀[48;2;6;11;12m▀[38;2;2;14;9m[48;2;5;11;11m▀▀[38;2;4;13;10m[48;2;4;11;9m▀[38;2;4;10;9m[48;2;10;31;25m▀[38;2;8;26;20m[48;2;13;40;31m▀[38;2;14;43;35m[48;2;13;41;33m▀[38;2;14;41;33m[48;2;14;41;34m▀[38;2;13;39;32m[48;2;7;20;17m▀[38;2;5;14;14m[48;2;3;11;10m▀[38;2;4;12;12m[48;2;4;12;11m▀[38;2;4;13;10m▀[38;2;5;12;12m[48;2;5;12;10m▀[38;2;5;11;8m▄[38;2;5;12;8m[48;2;6;11;9m▀[38;2;6;12;9m[48;2;6;11;8m▀[38;2;6;11;9m[48;2;5;11;9m▀[38;2;4;9;8m▄[38;2;4;9;9m[48;2;3;9;8m▀[38;2;3;9;10m[48;2;3;8;9m▀[38;2;3;8;8m[48;2;3;8;7m▀[38;2;2;9;4m[48;2;3;9;4m▀[38;2;4;9;5m[48;2;5;8;4m▀[38;2;6;7;5m[48;2;5;6;5m▀[38;2;5;6;4m▄[38;2;5;5;4m[48;2;4;5;3m▀[49m    [0m
   [38;2;64;64;64m▄[38;2;72;73;72m[48;2;20;21;20m▀[38;2;2;3;2m[48;2;3;3;2m▀[38;2;4;4;3m[48;2;3;4;2m▀[38;2;5;6;4m[48;2;5;5;4m▀▀[48;2;5;6;4m▀[38;2;4;7;5m[48;2;5;6;5m▀[38;2;3;9;4m[48;2;3;8;4m▀[38;2;2;8;8m[48;2;3;9;6m▀[38;2;3;8;9m[48;2;3;9;9m▀[38;2;3;9;9m▀[38;2;4;10;9m[48;2;3;9;8m▀[38;2;5;11;9m[48;2;5;10;9m▀[38;2;6;12;9m[48;2;6;11;9m▀[48;2;5;12;9m▄[48;2;5;12;11m▄[38;2;6;12;12m[48;2;5;12;10m▀[38;2;3;12;12m[48;2;6;12;13m▀[38;2;4;12;11m[48;2;5;12;13m▀[38;2;6;17;13m[48;2;5;14;13m▀[38;2;14;40;34m[48;2;15;40;35m▀[38;2;13;41;32m[48;2;14;41;34m▀[38;2;8;24;18m[48;2;12;43;33m▀[38;2;5;12;11m[48;2;8;22;17m▀[38;2;5;11;11m[48;2;4;13;10m▀[38;2;6;11;12m[48;2;3;12;9m▀[48;2;4;12;10m▀[38;2;5;11;11m[48;2;3;11;9m▀[48;2;6;20;16m▀[38;2;4;14;12m[48;2;11;38;29m▀[38;2;12;34;27m[48;2;13;40;33m▀[38;2;14;40;33m[48;2;13;40;32m▀[48;2;13;37;30m▀[38;2;8;19;15m[48;2;5;16;12m▀[38;2;3;12;10m[48;2;3;12;10m▀[38;2;4;11;11m[48;2;4;11;11m▀[38;2;5;11;12m[48;2;5;11;12m▀[38;2;6;11;12m[48;2;6;12;9m▀[38;2;5;11;9m[48;2;6;11;8m▀[38;2;6;11;9m▀▀[38;2;6;11;8m▀[38;2;6;11;9m[48;2;4;10;8m▀[38;2;4;9;8m[48;2;3;9;8m▀[38;2;3;9;9m[48;2;3;8;9m▀[38;2;2;8;8m▄[38;2;3;8;6m[48;2;3;9;4m▀[38;2;3;9;3m[48;2;4;8;4m▀[38;2;5;7;5m[48;2;5;6;5m▀[38;2;5;6;4m[48;2;5;6;4m▀[38;2;5;5;4m▀[38;2;4;4;3m[48;2;4;5;3m▀[38;2;56;57;56m[49m▄   [0m
   [38;2;2;2;1m[48;2;2;2;1m▀[38;2;2;2;2m[48;2;2;2;2m▀[38;2;3;3;2m[48;2;3;3;2m▀[38;2;2;3;2m▀[38;2;3;4;2m▄[38;2;5;5;4m[48;2;4;5;3m▀[38;2;5;6;4m[48;2;5;6;4m▀▀[38;2;4;8;4m[48;2;5;7;5m▀[38;2;3;9;5m[48;2;3;9;4m▀[38;2;3;8;7m[48;2;2;9;4m▀[38;2;3;9;9m[48;2;2;8;7m▀[48;2;3;8;9m▀[48;2;4;10;9m▄[38;2;5;11;9m▀[38;2;6;12;9m[48;2;6;11;9m▀▀▀[38;2;5;12;11m[48;2;5;12;9m▀[38;2;4;12;11m[48;2;5;13;10m▀[38;2;4;10;10m[48;2;4;10;10m▀[38;2;5;12;10m[48;2;7;17;15m▀[38;2;12;31;25m[48;2;13;34;29m▀[38;2;14;41;34m[48;2;13;40;33m▀[38;2;14;41;33m[48;2;15;39;34m▀[38;2;6;19;15m[48;2;5;18;14m▀[38;2;2;11;7m[48;2;1;11;7m▀[48;2;2;11;7m▀▀[38;2;11;29;24m[48;2;10;29;25m▀[38;2;12;40;31m[48;2;15;38;33m▀[38;2;13;39;32m[48;2;16;37;34m▀[38;2;16;35;32m[48;2;15;35;31m▀[38;2;4;8;7m[48;2;3;9;8m▀[38;2;5;10;11m[48;2;5;10;11m▀[38;2;4;11;11m[48;2;5;11;11m▀[38;2;5;11;9m▄[38;2;5;12;9m[48;2;6;11;8m▀[38;2;6;11;8m▀[38;2;6;11;9m[48;2;6;11;9m▀[48;2;5;11;9m▀▀[38;2;5;11;8m[48;2;4;10;8m▀[38;2;3;9;8m[48;2;2;8;8m▀[38;2;3;9;9m[48;2;3;8;9m▀[38;2;2;8;9m[48;2;3;8;8m▀[38;2;3;9;5m[48;2;2;9;4m▀[38;2;3;9;3m[48;2;4;8;4m▀[38;2;5;6;5m[48;2;5;6;4m▀[38;2;5;6;4m▀▀[38;2;5;5;4m[48;2;5;5;4m▀[48;2;4;4;3m▀[38;2;2;3;2m[48;2;2;3;1m▀[49m   [0m
   [38;2;2;2;1m[48;2;2;2;1m▀[38;2;2;3;2m[48;2;4;4;3m▀[38;2;3;4;2m▀[38;2;3;3;2m[48;2;3;4;3m▀[48;2;3;3;2m▀[38;2;4;4;3m[48;2;3;4;2m▀[38;2;5;5;4m[48;2;5;5;4m▀[38;2;5;6;4m[48;2;5;6;4m▀▀[38;2;4;8;4m▀[38;2;3;9;4m[48;2;6;8;5m▀[48;2;3;9;5m▄[38;2;3;8;9m[48;2;3;8;8m▀[48;2;3;9;10m▄[38;2;3;9;9m[48;2;3;8;10m▀[38;2;5;10;9m[48;2;3;9;8m▀[38;2;6;11;9m[48;2;5;11;9m▀[48;2;6;11;9m▀[38;2;5;12;9m[48;2;5;11;9m▀[48;2;5;11;8m▀[38;2;3;10;8m[48;2;3;10;8m▀[38;2;9;23;21m[48;2;10;24;21m▀[38;2;15;36;33m[48;2;17;37;33m▀[38;2;14;39;34m[48;2;17;37;34m▀[38;2;15;39;35m[48;2;18;37;35m▀[38;2;6;18;14m[48;2;6;17;16m▀[38;2;2;11;8m[48;2;2;11;10m▀[48;2;2;11;11m▀[38;2;3;11;8m[48;2;2;10;11m▀[38;2;11;29;25m[48;2;12;28;26m▀[38;2;16;37;34m[48;2;17;37;34m▀[38;2;16;36;33m▄[38;2;14;35;30m[48;2;14;33;29m▀[38;2;3;8;8m[48;2;3;8;8m▀[38;2;5;11;10m[48;2;5;11;9m▀[38;2;5;12;10m[48;2;5;11;8m▀[38;2;6;11;9m▄[48;2;6;11;9m▀[38;2;6;11;8m▀[38;2;5;11;9m[48;2;5;11;9m▀[38;2;4;10;8m[48;2;3;9;9m▀[38;2;4;10;9m▀[38;2;3;9;8m▀[38;2;2;8;9m[48;2;3;8;9m▀[38;2;2;8;8m[48;2;3;9;5m▀[38;2;3;8;4m[48;2;3;9;4m▀[38;2;4;8;4m[48;2;5;6;4m▀[38;2;5;6;4m▀▀▀[48;2;5;5;4m▀[38;2;4;5;3m▄[38;2;2;3;1m[48;2;2;3;1m▀[48;2;2;3;2m▀[38;2;50;51;50m[49m▄  [0m
  [38;2;107;106;106m[48;2;2;2;1m▀[38;2;2;3;2m▄[38;2;4;4;3m[48;2;4;4;3m▀[38;2;4;5;3m▀[38;2;3;3;2m[48;2;3;3;2m▀[48;2;2;3;2m▀[48;2;3;3;2m▀[38;2;4;5;3m[48;2;4;4;2m▀[38;2;5;5;4m[48;2;5;5;4m▀[38;2;5;6;4m[48;2;5;6;4m▀[38;2;5;6;5m▀[38;2;6;7;5m[48;2;6;6;5m▀[38;2;4;9;5m[48;2;5;7;5m▀[38;2;3;9;4m[48;2;3;9;4m▀[38;2;3;9;6m[48;2;3;9;5m▀[38;2;2;9;8m[48;2;2;7;8m▀[38;2;2;9;9m[48;2;2;8;8m▀[48;2;3;9;9m▄[38;2;4;10;8m▀[38;2;5;11;9m[48;2;4;11;9m▀[38;2;5;12;9m[48;2;5;12;9m▀[38;2;4;10;8m[48;2;4;11;9m▀[38;2;9;21;18m[48;2;2;9;8m▀[38;2;14;35;30m[48;2;5;14;12m▀[38;2;14;38;31m[48;2;14;34;28m▀[38;2;15;38;33m[48;2;8;23;20m▀[38;2;6;17;15m[48;2;6;12;11m▀[38;2;5;10;10m[48;2;7;9;9m▀[48;2;7;9;10m▀[38;2;4;10;10m[48;2;6;9;9m▀[38;2;12;28;24m[48;2;10;23;20m▀[38;2;15;36;31m[48;2;15;36;31m▀[38;2;8;22;19m[48;2;8;23;19m▀[38;2;3;9;7m[48;2;3;10;9m▀[38;2;4;11;8m[48;2;5;11;9m▀[48;2;5;11;8m▀[38;2;5;11;8m▀[38;2;6;11;9m[48;2;6;11;9m▀[48;2;4;11;9m▀[38;2;4;10;9m[48;2;2;9;8m▀[38;2;3;9;9m[48;2;2;8;8m▀[38;2;2;8;8m▀[38;2;2;9;9m[48;2;3;8;8m▀[38;2;2;8;8m[48;2;3;8;6m▀[38;2;3;9;4m[48;2;3;9;3m▀[48;2;5;7;5m▀[38;2;5;7;4m[48;2;5;6;5m▀[38;2;5;6;4m[48;2;5;6;4m▀▀[38;2;5;5;4m[48;2;4;4;3m▀[38;2;4;5;3m[48;2;2;3;1m▀[38;2;3;3;2m▀▄▄[48;2;3;3;2m▀[38;2;2;3;1m[48;2;2;3;2m▀[49m  [0m
  [38;2;2;2;1m[48;2;2;2;1m▀[38;2;2;2;2m[48;2;2;3;1m▀[38;2;4;4;2m[48;2;4;4;2m▀[38;2;4;4;1m[48;2;4;4;1m▀[38;2;3;4;1m▀[48;2;2;3;1m▄[38;2;2;3;2m▀[48;2;3;3;2m▄[48;2;4;4;3m▄[38;2;5;5;4m[48;2;4;5;3m▀[48;2;5;6;4m▄[38;2;5;6;5m▀▀[38;2;4;7;4m▀[38;2;3;9;4m[48;2;5;7;5m▀[48;2;3;9;4m▀[38;2;3;8;7m[48;2;3;9;5m▀[38;2;3;8;8m[48;2;2;8;7m▀[38;2;2;9;9m[48;2;3;8;9m▀[38;2;3;9;9m[48;2;3;9;9m▀[38;2;4;11;9m[48;2;3;10;9m▀[38;2;4;11;8m[48;2;2;10;9m▀[38;2;3;10;10m[48;2;3;10;8m▀[38;2;3;9;9m[48;2;4;10;9m▀[38;2;14;32;26m[48;2;13;32;27m▀[38;2;2;9;8m[48;2;3;9;8m▀[48;2;3;9;9m▄[38;2;5;10;9m[48;2;2;10;8m▀[38;2;6;10;9m[48;2;2;10;9m▀[38;2;5;9;9m[48;2;2;10;8m▀[38;2;7;17;15m[48;2;2;9;8m▀[38;2;12;30;26m▀[38;2;7;19;17m[48;2;2;9;9m▀[38;2;2;10;9m[48;2;3;10;9m▀[38;2;5;11;8m[48;2;4;11;8m▀[48;2;4;11;9m▀[48;2;3;9;9m▀[38;2;5;11;9m[48;2;2;9;9m▀[38;2;3;9;9m[48;2;2;8;8m▀[38;2;2;8;8m▀[38;2;3;8;8m[48;2;3;9;5m▀[38;2;3;9;4m▄[48;2;3;9;4m▀[38;2;3;8;4m[48;2;5;7;4m▀[38;2;5;6;5m▄[48;2;5;6;4m▀[38;2;5;6;4m▀[48;2;5;5;4m▀[38;2;4;4;2m▄[38;2;3;4;2m[48;2;3;3;2m▀▄[38;2;3;3;2m▀[48;2;2;3;1m▀▄[48;2;3;3;2m▀[38;2;2;3;1m▀[38;2;94;95;94m[48;2;2;3;2m▀[49m [0m
 [38;2;16;17;16m[48;2;2;2;1m▀[38;2;3;3;2m[48;2;3;3;1m▀[38;2;4;4;1m[48;2;4;4;1m▀[38;2;4;4;2m▀[38;2;4;4;1m▀▀▀[38;2;3;3;1m▀[48;2;2;3;1m▄[38;2;2;3;2m▀[38;2;2;3;1m▀[38;2;4;4;3m[48;2;4;4;3m▀[38;2;5;6;4m[48;2;5;5;4m▀▀[48;2;5;6;4m▀[38;2;5;6;5m▀[38;2;5;8;4m[48;2;6;6;4m▀[38;2;3;9;4m[48;2;5;7;5m▀[48;2;5;8;4m▀[48;2;3;9;5m▄[38;2;4;8;8m▀[38;2;4;9;9m▀[38;2;4;8;9m[48;2;3;9;6m▀[38;2;2;9;8m[48;2;3;8;8m▀[48;2;3;8;9m▀[38;2;13;32;26m[48;2;13;33;28m▀[38;2;3;10;9m[48;2;2;9;9m▀[38;2;4;10;9m▀[38;2;3;11;9m[48;2;3;9;9m▀[38;2;3;10;10m▀[38;2;4;10;9m▀▀[48;2;2;9;9m▀[48;2;3;9;9m▀[38;2;3;10;9m▀▀[38;2;2;9;8m[48;2;2;8;9m▀[38;2;3;8;6m▄[38;2;2;9;7m[48;2;3;9;4m▀[38;2;3;9;6m[48;2;4;9;4m▀[38;2;3;9;5m▀[38;2;4;8;4m[48;2;6;7;5m▀[38;2;4;7;5m[48;2;5;6;5m▀[38;2;5;6;4m▄[48;2;5;6;4m▀[48;2;6;6;4m▀[48;2;5;6;4m▀[48;2;5;5;4m▀[38;2;4;4;3m[48;2;3;3;2m▀[38;2;3;3;2m▀[48;2;3;3;1m▀[38;2;3;3;1m▀[38;2;2;3;1m[48;2;3;3;2m▀[38;2;3;3;2m▀▀▀▀[38;2;2;3;2m[48;2;2;3;1m▀[49m [0m
 [38;2;3;3;2m[48;2;1;2;1m▀[38;2;4;4;2m[48;2;3;3;1m▀[48;2;5;4;2m▄[38;2;4;4;1m[48;2;3;4;2m▀▀▀▀[48;2;4;4;2m▀[38;2;3;4;1m▄[38;2;3;3;1m[48;2;3;3;1m▀[38;2;2;3;1m[48;2;2;2;1m▀[38;2;3;3;2m[48;2;2;2;2m▀[38;2;4;5;3m[48;2;2;2;1m▀▀[38;2;5;5;4m[48;2;4;4;3m▀[48;2;5;6;4m▄▄[38;2;6;6;5m[48;2;5;6;5m▀[48;2;5;6;4m▀[38;2;5;7;5m[48;2;5;6;5m▀[38;2;4;8;4m▀[38;2;4;9;4m[48;2;6;6;5m▀[38;2;3;9;4m[48;2;5;7;4m▀[38;2;2;9;5m[48;2;3;8;4m▀[38;2;3;9;5m[48;2;3;9;4m▀[38;2;6;14;10m[48;2;3;8;4m▀[38;2;3;8;7m[48;2;2;9;3m▀[38;2;3;9;8m[48;2;3;8;4m▀[38;2;3;8;9m[48;2;3;8;5m▀[38;2;3;9;9m[48;2;4;7;6m▀[38;2;3;8;9m[48;2;3;7;6m▀[38;2;2;8;8m[48;2;3;7;5m▀[38;2;2;9;9m▀[38;2;3;9;7m[48;2;3;8;3m▀[38;2;4;9;8m[48;2;4;9;4m▀[38;2;3;9;8m[48;2;3;9;4m▀[38;2;3;8;7m[48;2;3;8;4m▀[38;2;3;9;4m▀[38;2;4;9;4m[48;2;6;6;4m▀[38;2;5;8;5m[48;2;5;5;4m▀[38;2;6;6;5m▀[38;2;5;6;5m▀[38;2;5;6;4m▀▀[48;2;5;5;3m▀[48;2;3;4;2m▀[38;2;5;5;4m[48;2;3;3;2m▀[38;2;4;5;4m▀[38;2;2;2;1m▄▄[48;2;3;3;1m▄▄[38;2;3;3;2m[48;2;2;2;2m▀[48;2;2;3;2m▀▀▀▀▀[49m [0m