                                                            [0m
                                                            [0m
                                                            [0m
            [38;2;53;230;56m▄[38;2;28;225;29m[48;2;75;230;77m▀[38;2;27;223;28m[48;2;86;229;88m▀[38;2;30;223;32m[48;2;38;223;40m▀[49m                  [38;2;125;127;145m▄                         [0m
         [38;2;73;231;76m▄[38;2;30;224;32m[48;2;79;230;81m▀[38;2;26;222;27m[48;2;119;233;121m▀[38;2;24;223;25m[48;2;26;223;30m▀[38;2;215;247;216m[48;2;215;247;215m▀[38;2;253;253;253m[48;2;252;253;253m▀[38;2;59;228;61m[48;2;89;232;92m▀[38;2;50;227;53m[49m▄                [38;2;126;128;145m[48;2;7;29;49m▀[38;2;11;52;57m[48;2;20;104;61m▀[38;2;6;28;54m[48;2;12;55;57m▀[38;2;1;5;51m[48;2;3;5;51m▀[38;2;23;26;67m[48;2;2;6;50m▀[38;2;51;54;88m[49m▄                     [0m
         [38;2;73;232;74m[48;2;72;231;76m▀[38;2;145;237;145m[48;2;145;238;146m▀[38;2;229;249;231m[48;2;232;250;233m▀[38;2;29;228;38m[48;2;42;234;58m▀[38;2;68;232;80m[48;2;44;239;62m▀[38;2;191;245;195m[48;2;178;247;184m▀[38;2;184;243;184m[48;2;247;252;247m▀[38;2;28;222;34m[48;2;201;245;202m▀[38;2;27;224;30m[48;2;149;238;154m▀[38;2;27;227;29m[48;2;35;227;39m▀[49m            [38;2;33;37;72m▄[38;2;4;18;47m[48;2;22;125;57m▀[38;2;24;128;64m[48;2;24;133;62m▀[38;2;0;7;50m[48;2;1;6;49m▀[38;2;1;5;51m[48;2;2;5;52m▀[38;2;24;27;67m[49m▀[38;2;41;45;79m▀[38;2;40;45;78m▀                     [0m
         [38;2;70;232;74m[48;2;29;227;33m▀[38;2;144;238;145m[48;2;146;238;146m▀[38;2;233;251;235m[48;2;234;251;235m▀[38;2;61;241;73m[48;2;76;244;84m▀[38;2;66;245;77m[48;2;96;248;102m▀[38;2;77;242;91m[48;2;82;247;90m▀[38;2;120;242;128m[48;2;62;243;73m▀[38;2;199;246;203m[48;2;100;242;110m▀[38;2;251;253;252m[48;2;252;254;253m▀[38;2;44;226;50m[48;2;45;226;49m▀[38;2;44;228;49m[49m▄          [38;2;88;91;115m[48;2;29;97;59m▀[38;2;23;116;52m[48;2;24;160;48m▀[38;2;25;142;57m[48;2;25;142;57m▀[38;2;7;33;52m[48;2;1;6;49m▀[38;2;2;5;52m[48;2;2;5;52m▀[38;2;13;16;61m[48;2;73;75;107m▀[49m                        [0m
         [38;2;47;227;50m[48;2;69;229;71m▀[38;2;195;244;197m[48;2;236;252;238m▀[38;2;206;247;209m[48;2;71;240;81m▀[38;2;85;246;90m[48;2;120;247;125m▀[38;2;188;249;187m[48;2;233;251;234m▀[38;2;152;249;154m[48;2;252;253;252m▀[38;2;99;246;106m[48;2;179;248;182m▀[38;2;103;244;112m[48;2;70;244;81m▀[38;2;224;250;227m[48;2;104;241;117m▀[38;2;119;234;124m[48;2;252;254;253m▀[38;2;36;225;38m[48;2;57;226;60m▀[49m        [38;2;56;97;83m▄[38;2;49;95;77m[48;2;22;138;43m▀[38;2;25;152;45m[48;2;28;174;46m▀[38;2;23;129;48m[48;2;19;104;49m▀[38;2;17;94;56m[48;2;2;8;51m▀[38;2;10;60;58m[48;2;8;35;56m▀[38;2;3;6;52m[48;2;3;7;52m▀[38;2;21;23;64m[48;2;2;6;51m▀[49m                        [0m
        [38;2;27;224;28m[48;2;24;224;25m▀[38;2;75;229;78m[48;2;162;241;162m▀[38;2;236;251;238m[48;2;166;245;169m▀[38;2;91;242;97m[48;2;99;244;105m▀[38;2;221;251;221m[48;2;253;254;254m▀[38;2;253;253;253m▀[48;2;254;254;254m▀[38;2;229;251;229m[48;2;253;254;253m▀[38;2;145;247;151m[48;2;184;248;186m▀[38;2;107;243;118m[48;2;108;244;118m▀[38;2;253;254;254m[48;2;253;253;254m▀[38;2;58;227;61m[48;2;58;227;61m▀[49m       [38;2;81;104;105m[48;2;19;107;44m▀[38;2;26;172;43m[48;2;22;123;43m▀[38;2;25;181;40m[48;2;13;70;44m▀[38;2;27;164;47m[48;2;15;77;47m▀[38;2;19;95;50m[48;2;1;4;50m▀[38;2;2;5;51m▄[38;2;2;5;52m[48;2;2;6;52m▀[38;2;4;6;52m[48;2;4;7;53m▀[38;2;18;21;63m[48;2;25;28;68m▀[49m                        [0m
        [38;2;24;224;26m[48;2;24;224;27m▀[38;2;167;240;169m[48;2;166;240;169m▀[38;2;146;244;151m[48;2;144;243;153m▀[38;2;98;245;104m[48;2;95;245;103m▀[38;2;253;254;253m[48;2;249;254;248m▀[48;2;253;253;253m▄[38;2;253;253;253m▀[48;2;250;253;249m▀[38;2;185;248;187m[48;2;177;247;180m▀[38;2;108;242;118m[48;2;116;240;123m▀[49m [38;2;59;227;61m[48;2;57;226;62m▀[49m       [38;2;21;94;49m[48;2;25;40;64m▀[38;2;76;116;100m[48;2;185;188;196m▀[38;2;157;165;177m[48;2;249;250;250m▀[38;2;101;103;129m[48;2;191;192;200m▀[38;2;6;10;54m[48;2;131;133;152m▀[38;2;1;5;51m[48;2;73;75;105m▀[48;2;3;6;51m▄[38;2;5;7;51m[48;2;4;6;51m▀[38;2;24;28;67m[48;2;8;11;55m▀[49m                        [0m
        [38;2;24;223;27m[48;2;24;223;25m▀[38;2;166;240;168m[48;2;165;240;167m▀[38;2;217;249;220m[48;2;241;252;243m▀[38;2;73;242;83m[48;2;65;239;76m▀[38;2;147;247;150m[48;2;95;248;98m▀[38;2;240;252;239m[48;2;190;251;189m▀[38;2;253;254;253m[48;2;249;253;248m▀[38;2;216;250;216m[48;2;139;248;140m▀[38;2;150;247;153m[48;2;155;248;157m▀[38;2;236;252;236m[49m▀[38;2;57;224;62m[48;2;33;224;37m▀[38;2;47;228;52m[48;2;91;235;97m▀[49m       [38;2;107;109;131m[48;2;132;133;151m▀[38;2;54;55;87m[48;2;52;54;87m▀[38;2;206;207;214m[48;2;182;183;192m▀[38;2;89;90;117m[48;2;95;96;122m▀[38;2;55;57;91m[48;2;55;57;89m▀[38;2;207;207;215m[48;2;219;222;227m▀[38;2;1;4;51m[48;2;30;34;75m▀[38;2;4;6;52m[48;2;2;6;51m▀[38;2;3;6;51m[48;2;3;6;51m▀[38;2;104;106;130m[48;2;101;103;130m▀[49m                       [0m
        [38;2;60;229;65m▀[38;2;88;230;92m[48;2;24;226;29m▀[38;2;137;237;139m[48;2;40;227;44m▀[38;2;224;249;224m[48;2;249;253;249m▀[38;2;155;249;155m[48;2;232;251;232m▀[38;2;106;247;106m[48;2;150;248;151m▀[38;2;219;251;217m[48;2;118;247;119m▀[38;2;128;248;130m[48;2;105;247;107m▀[38;2;194;248;197m[48;2;177;245;180m▀[38;2;127;238;132m[48;2;30;227;39m▀[38;2;36;228;41m[48;2;83;236;90m▀[49m        [38;2;130;132;149m▀[38;2;219;220;224m[48;2;160;161;176m▀[38;2;103;105;122m[48;2;192;193;199m▀[38;2;238;239;241m[48;2;250;251;252m▀[38;2;236;237;239m[48;2;179;181;193m▀[38;2;199;204;214m[48;2;79;82;112m▀[38;2;45;50;89m[48;2;17;51;61m▀[38;2;1;7;48m[48;2;22;123;59m▀[38;2;2;6;51m[48;2;7;28;52m▀[38;2;8;11;54m[48;2;2;6;52m▀[38;2;96;98;123m[49m▄                      [0m
          [38;2;60;231;64m[48;2;61;230;64m▀[38;2;158;240;160m[48;2;27;224;30m▀[38;2;162;241;166m[48;2;29;228;35m▀[38;2;131;246;134m[48;2;64;241;73m▀[38;2;109;248;111m[48;2;210;250;210m▀[38;2;105;247;109m[48;2;163;248;166m▀[38;2;106;240;113m[48;2;60;237;72m▀[38;2;63;233;71m[49m▀          [38;2;102;103;127m[48;2;42;45;79m▀[38;2;242;243;244m[48;2;93;96;115m▀[38;2;236;237;239m[48;2;93;94;115m▀[38;2;105;107;129m[48;2;109;110;133m▀[38;2;32;35;72m[48;2;123;125;146m▀[38;2;5;22;52m[48;2;1;4;52m▀[38;2;19;108;57m[48;2;15;86;56m▀[38;2;6;31;53m[48;2;6;35;54m▀[38;2;3;7;52m[48;2;2;6;52m▀[38;2;23;26;66m[48;2;19;23;65m▀[49m                      [0m
             [38;2;36;236;46m[48;2;63;201;72m▀[38;2;153;245;158m[48;2;51;238;60m▀[38;2;126;243;131m[48;2;52;236;62m▀[38;2;60;211;70m[48;2;45;145;57m▀[49m           [38;2;50;52;87m[48;2;49;51;86m▀[38;2;224;225;229m[48;2;253;253;253m▀[38;2;225;226;230m▀[38;2;206;207;213m[48;2;224;225;229m▀[38;2;125;126;148m[48;2;35;38;73m▀[38;2;2;4;52m[48;2;1;4;51m▀[38;2;14;87;57m[48;2;6;28;53m▀[38;2;15;90;59m[48;2;20;108;57m▀[38;2;1;4;52m[48;2;6;25;53m▀[38;2;2;5;51m[48;2;3;6;52m▀[38;2;1;5;50m▀[38;2;5;9;50m▀[38;2;111;113;135m[49m▄                   [0m
             [38;2;92;129;104m[48;2;62;96;76m▀[38;2;59;187;44m[48;2;62;151;34m▀[38;2;60;177;41m[48;2;63;153;34m▀[38;2;56;149;40m[48;2;39;91;35m▀[49m          [38;2;1;5;51m[48;2;5;25;51m▀[38;2;19;22;65m[48;2;5;23;52m▀[38;2;96;97;124m[48;2;1;4;52m▀[48;2;1;5;52m▀[38;2;30;32;69m[48;2;40;46;87m▀[38;2;66;74;110m[48;2;98;110;140m▀[38;2;0;3;50m[48;2;7;41;48m▀[38;2;9;47;53m[48;2;21;114;56m▀[38;2;21;124;60m[48;2;15;71;56m▀[38;2;6;30;53m[48;2;4;14;52m▀[38;2;3;6;52m[48;2;3;6;52m▀[38;2;4;7;53m[48;2;3;8;54m▀[38;2;2;7;53m[48;2;3;8;53m▀[38;2;2;5;49m[48;2;2;6;52m▀[38;2;26;29;68m[49m▄                  [0m
              [38;2;46;109;32m[48;2;63;86;74m▀[38;2;60;138;30m[48;2;58;134;29m▀[38;2;49;90;47m[48;2;84;100;101m▀[49m         [38;2;11;62;46m[48;2;16;98;45m▀[38;2;29;176;47m[48;2;24;148;46m▀[38;2;28;167;46m[48;2;27;168;44m▀[38;2;1;7;50m[48;2;8;37;49m▀[38;2;1;5;51m[48;2;1;4;50m▀[38;2;36;43;83m[48;2;5;29;50m▀[38;2;81;124;118m[48;2;22;139;46m▀[38;2;23;127;52m[48;2;13;66;50m▀[38;2;10;54;50m[48;2;0;3;51m▀[38;2;1;4;51m[48;2;5;23;52m▀[48;2;2;9;52m▀[38;2;3;7;53m[48;2;4;7;52m▀[38;2;2;9;53m[48;2;3;9;53m▀[38;2;2;8;52m[48;2;2;9;52m▀[38;2;2;8;53m[48;2;3;7;52m▀[38;2;2;6;51m[48;2;2;7;53m▀[38;2;1;5;49m[48;2;1;6;52m▀[38;2;1;5;48m[49m▄                [0m
              [38;2;97;104;116m▀[38;2;58;130;30m[48;2;54;114;32m▀[38;2;94;112;105m[48;2;100;117;108m▀[49m       [38;2;101;103;127m[48;2;101;104;126m▀[38;2;15;71;49m[48;2;22;122;49m▀[38;2;26;176;43m[48;2;27;170;42m▀[38;2;19;111;45m[48;2;25;167;42m▀[38;2;21;121;47m[48;2;16;77;48m▀[38;2;25;152;47m[48;2;18;103;49m▀[38;2;24;143;49m[48;2;19;114;50m▀[38;2;24;143;52m[48;2;20;109;53m▀[38;2;16;82;50m[48;2;5;24;51m▀[38;2;4;20;49m[48;2;11;62;54m▀[38;2;4;19;53m[48;2;19;113;59m▀[38;2;21;110;61m[48;2;18;95;59m▀[38;2;7;29;54m[48;2;5;21;53m▀[38;2;3;7;53m[48;2;3;7;53m▀[38;2;3;9;53m[48;2;3;8;54m▀[38;2;2;9;52m▀[38;2;3;8;52m[48;2;3;8;53m▀[38;2;3;7;53m[48;2;3;7;52m▀[38;2;1;5;51m[48;2;126;128;150m▀[38;2;108;111;133m[49m▀                [0m
               [38;2;10;14;52m[48;2;32;34;74m▀[38;2;117;119;142m[49m▄        [38;2;73;75;105m▀[38;2;14;72;48m[48;2;14;58;51m▀[38;2;26;168;43m[48;2;16;76;46m▀[38;2;24;150;46m[48;2;26;157;48m▀[38;2;13;72;50m[48;2;26;165;48m▀[38;2;9;38;50m[48;2;25;158;48m▀[38;2;8;37;51m[48;2;24;149;52m▀[38;2;18;93;58m[48;2;22;114;60m▀[38;2;22;118;59m[48;2;0;5;47m▀[38;2;22;117;60m[48;2;1;5;49m▀[38;2;7;28;54m[48;2;2;5;52m▀[38;2;3;6;52m▄[38;2;4;8;53m[48;2;3;7;53m▀[38;2;4;9;53m[48;2;4;9;53m▀[38;2;4;8;52m▀[38;2;4;8;54m[48;2;3;9;55m▀[38;2;3;6;53m[48;2;3;7;52m▀[38;2;83;85;114m[48;2;12;15;56m▀[49m                 [0m
               [38;2;53;55;91m[48;2;74;77;107m▀[38;2;97;100;126m[48;2;75;79;109m▀[49m        [38;2;57;91;88m▄[38;2;23;131;49m[48;2;24;149;46m▀[38;2;18;99;51m[48;2;25;162;49m▀[38;2;5;25;47m[48;2;46;99;82m▀[38;2;15;70;52m[48;2;71;80;114m▀[38;2;14;67;50m[48;2;86;95;128m▀[38;2;14;64;52m[48;2;73;79;117m▀[38;2;24;32;67m[48;2;120;131;159m▀[38;2;27;31;73m[48;2;141;152;174m▀[38;2;49;52;90m[48;2;253;253;253m▀[38;2;12;14;61m[48;2;54;56;91m▀[38;2;2;7;53m[48;2;3;7;52m▀[38;2;3;8;53m[48;2;4;8;53m▀[38;2;4;9;53m[48;2;4;9;53m▀[38;2;3;9;54m[48;2;3;9;54m▀[38;2;4;9;54m[48;2;4;9;53m▀[38;2;3;8;54m[48;2;3;8;54m▀[38;2;3;7;52m[48;2;3;7;52m▀[38;2;107;110;132m[48;2;69;72;104m▀[49m                [0m
               [38;2;96;98;124m[48;2;116;118;141m▀[38;2;54;56;92m[48;2;33;36;75m▀[49m        [38;2;14;83;47m[48;2;17;95;49m▀[38;2;25;167;45m[48;2;18;97;50m▀[38;2;24;163;50m[48;2;24;153;52m▀[38;2;115;159;135m[48;2;13;45;51m▀[38;2;98;103;130m[48;2;110;112;134m▀[38;2;172;178;192m[48;2;231;233;235m▀[38;2;56;59;91m[48;2;248;249;249m▀[38;2;74;76;106m[48;2;147;149;165m▀[38;2;96;98;126m[48;2;105;107;131m▀[38;2;101;103;128m[48;2;105;107;130m▀[38;2;22;25;67m[48;2;24;26;68m▀[38;2;3;8;53m[48;2;4;8;53m▀[38;2;4;9;53m[48;2;4;9;53m▀[48;2;4;9;54m▀[38;2;4;9;54m▀[48;2;4;8;54m▀[38;2;3;9;54m[48;2;3;9;54m▀[38;2;3;7;53m[48;2;3;8;54m▀[38;2;2;5;51m[48;2;2;6;52m▀[38;2;92;94;120m[49m▄               [0m
                [38;2;12;15;57m[48;2;1;5;49m▀[49m       [38;2;61;78;92m[48;2;39;64;73m▀[38;2;28;167;48m[48;2;26;168;46m▀[38;2;10;59;48m[48;2;12;60;49m▀[38;2;24;148;52m[48;2;23;147;53m▀[38;2;172;201;182m[48;2;94;120;120m▀[38;2;214;215;221m[48;2;54;57;85m▀[38;2;238;238;241m[48;2;224;225;229m▀[38;2;121;121;142m[48;2;163;164;178m▀[38;2;203;204;211m[48;2;57;58;90m▀[38;2;253;253;253m[48;2;52;54;89m▀[48;2;53;54;90m▀[38;2;55;57;93m[48;2;13;15;60m▀[38;2;4;8;52m[48;2;4;8;52m▀[38;2;5;8;53m[48;2;5;8;52m▀[38;2;4;8;54m[48;2;3;8;53m▀[48;2;4;8;53m▀[38;2;3;8;53m[48;2;3;7;52m▀[38;2;3;9;53m[48;2;4;8;53m▀[38;2;4;8;54m[48;2;3;8;54m▀[38;2;3;7;53m[48;2;3;7;53m▀[38;2;7;10;54m[48;2;4;7;52m▀[49m               [0m
               [38;2;113;114;135m[48;2;130;131;152m▀[38;2;20;22;65m[48;2;117;119;141m▀[38;2;98;100;124m[48;2;183;185;195m▀[38;2;121;124;142m[49m▀[38;2;75;76;105m▄[38;2;54;88;82m▄[38;2;50;63;85m▄[38;2;39;42;79m▄[38;2;94;105;120m[48;2;13;80;50m▀[38;2;21;127;50m[48;2;25;167;46m▀[38;2;22;139;47m[48;2;18;104;48m▀[38;2;6;27;50m[48;2;2;7;50m▀[38;2;23;145;56m[48;2;21;142;56m▀[38;2;76;99;105m[48;2;192;214;200m▀[38;2;210;210;217m[48;2;169;170;185m▀[38;2;220;221;226m[48;2;7;10;53m▀[38;2;187;188;198m[48;2;5;8;51m▀[38;2;216;217;222m[48;2;105;105;127m▀[38;2;169;170;183m[48;2;220;219;224m▀[38;2;168;169;184m[48;2;222;222;225m▀[38;2;36;39;78m[48;2;48;50;86m▀[38;2;4;8;53m[48;2;4;8;52m▀[38;2;5;8;52m[48;2;5;8;53m▀[38;2;3;7;53m[48;2;3;7;53m▀[38;2;4;6;52m[48;2;3;12;51m▀[38;2;4;17;51m[48;2;11;46;55m▀[38;2;3;6;53m[48;2;2;6;52m▀[38;2;3;7;53m[48;2;2;7;52m▀[48;2;2;5;50m▀[38;2;2;6;52m[48;2;1;5;50m▀[38;2;72;75;106m[48;2;30;34;72m▀[49m              [0m
               [38;2;114;116;136m[48;2;179;179;191m▀[38;2;62;62;93m[48;2;212;212;218m▀[38;2;25;27;66m[48;2;57;59;93m▀[49m [38;2;6;11;51m[48;2;112;115;137m▀[38;2;24;153;48m[48;2;32;91;64m▀[38;2;19;123;45m[48;2;25;162;47m▀[38;2;17;95;48m[48;2;24;135;49m▀[38;2;9;47;51m[48;2;14;80;50m▀[38;2;23;145;47m[48;2;17;92;50m▀[38;2;8;40;49m[48;2;8;39;50m▀[38;2;2;7;51m[48;2;2;8;51m▀[38;2;22;141;56m[48;2;22;140;57m▀[38;2;44;67;80m[48;2;20;43;63m▀[38;2;38;41;76m[48;2;81;84;112m▀[38;2;2;6;51m[48;2;4;6;51m▀[38;2;2;5;52m[48;2;2;5;51m▀[38;2;138;140;158m[48;2;101;104;130m▀[38;2;39;42;76m[48;2;226;227;231m▀[38;2;1;3;46m[48;2;220;221;225m▀[38;2;2;5;51m[48;2;48;50;88m▀[38;2;4;7;53m[48;2;4;7;53m▀[38;2;4;8;53m[48;2;4;8;53m▀[38;2;3;8;53m[48;2;3;7;52m▀[38;2;8;48;53m[48;2;8;48;54m▀[38;2;15;87;55m[48;2;15;88;56m▀[38;2;3;5;53m[48;2;1;6;51m▀[38;2;17;20;62m[49m▀ [38;2;111;112;137m▀[38;2;1;5;50m[48;2;35;38;77m▀[38;2;48;51;84m[49m▄             [0m
               [38;2;75;76;103m[48;2;90;92;115m▀[38;2;116;115;134m[48;2;131;133;149m▀[38;2;46;48;85m[48;2;43;45;80m▀[38;2;2;5;51m[48;2;70;79;114m▀[38;2;142;153;176m[49m▄[38;2;59;88;91m[48;2;41;59;81m▀[38;2;24;148;49m[48;2;24;145;50m▀[38;2;6;34;48m[48;2;1;5;49m▀[38;2;24;139;49m[48;2;19;92;52m▀[38;2;5;24;49m[48;2;6;26;50m▀[38;2;2;7;51m[48;2;2;5;51m▀[38;2;2;8;51m[48;2;2;8;52m▀[38;2;22;139;57m[48;2;22;137;58m▀[38;2;7;31;54m[48;2;7;31;54m▀[38;2;3;6;51m[48;2;4;7;52m▀[38;2;4;7;51m▀[38;2;3;6;50m[48;2;3;5;51m▀[38;2;96;106;140m[48;2;56;64;101m▀[38;2;129;133;159m[48;2;30;35;77m▀[38;2;153;153;171m[48;2;2;5;50m▀[38;2;34;36;77m[48;2;4;6;52m▀[38;2;4;8;52m[48;2;4;7;53m▀[48;2;4;8;54m▀[38;2;3;7;52m[48;2;3;7;53m▀[38;2;8;48;54m[48;2;12;67;56m▀[38;2;17;88;58m[48;2;11;53;56m▀[38;2;1;5;51m[48;2;2;5;52m▀[38;2;71;72;101m[48;2;126;128;148m▀[49m [38;2;30;32;71m▄[38;2;13;16;58m[48;2;3;6;51m▀[38;2;10;13;55m[48;2;10;13;55m▀[49m             [0m
               [38;2;96;97;120m▀[38;2;203;203;212m[48;2;42;45;80m▀[38;2;95;97;123m[48;2;28;30;70m▀[38;2;59;65;101m[48;2;75;77;108m▀[38;2;36;41;82m[48;2;1;4;51m▀[38;2;13;28;59m[48;2;4;18;52m▀[38;2;24;138;56m[48;2;21;123;60m▀[38;2;1;5;50m[48;2;2;5;50m▀[48;2;3;6;52m▀[38;2;2;5;50m[48;2;2;5;52m▀[38;2;2;6;53m[48;2;2;6;53m▀[38;2;2;8;51m[48;2;2;8;51m▀[38;2;21;135;59m[48;2;22;131;60m▀[38;2;7;30;53m[48;2;7;29;53m▀[38;2;4;6;53m[48;2;3;6;51m▀[38;2;4;7;53m[48;2;3;6;52m▀[38;2;11;14;57m[48;2;22;24;66m▀[38;2;154;157;173m[48;2;253;253;254m▀[38;2;61;63;96m[48;2;96;97;125m▀[38;2;3;6;51m[48;2;3;6;52m▀[38;2;4;6;52m[48;2;5;7;52m▀[38;2;4;8;54m[48;2;3;8;54m▀[38;2;3;9;55m[48;2;3;9;54m▀[38;2;3;7;53m[48;2;3;7;53m▀[38;2;12;56;56m[48;2;1;4;51m▀[38;2;7;35;52m[48;2;2;8;49m▀[38;2;14;74;58m[48;2;22;127;62m▀[38;2;84;139;112m[48;2;13;63;55m▀[38;2;55;58;92m[48;2;1;5;50m▀[38;2;2;5;52m[48;2;4;6;51m▀[38;2;4;7;51m[48;2;5;7;50m▀[38;2;10;13;55m[48;2;10;13;54m▀[49m             [0m
                [38;2;112;114;138m▀[38;2;42;44;82m[48;2;22;25;66m▀[49m [38;2;2;6;51m[48;2;3;6;51m▀[38;2;4;18;53m[48;2;4;18;52m▀[38;2;21;123;59m[48;2;20;123;59m▀[38;2;2;6;50m[48;2;2;6;50m▀[38;2;3;7;52m[48;2;4;7;52m▀[38;2;3;7;53m▀[38;2;2;7;53m[48;2;3;7;52m▀[38;2;2;8;51m[48;2;3;9;52m▀[38;2;21;130;59m[48;2;22;128;61m▀[38;2;6;27;53m[48;2;7;29;53m▀[38;2;1;5;50m[48;2;52;121;96m▀[48;2;88;202;133m▀[38;2;5;9;53m[48;2;59;138;104m▀[38;2;42;45;81m[48;2;4;10;54m▀[38;2;17;19;62m[48;2;3;7;52m▀[38;2;4;6;52m[48;2;3;7;53m▀[38;2;3;8;54m▄[48;2;3;8;54m▀[48;2;3;8;53m▀[38;2;3;7;54m[48;2;3;7;54m▀[38;2;1;5;50m[48;2;2;7;49m▀[38;2;14;62;55m[48;2;19;119;60m▀[38;2;22;127;62m[48;2;19;99;60m▀[38;2;4;14;51m[48;2;4;12;52m▀[38;2;3;6;52m[48;2;4;7;51m▀[38;2;5;7;51m[48;2;5;7;51m▀[38;2;6;7;51m[48;2;6;7;52m▀[38;2;10;13;54m[48;2;11;13;55m▀[49m             [0m
                 [38;2;4;8;51m[48;2;1;5;48m▀[49m [38;2;3;6;51m[48;2;4;6;50m▀[38;2;3;11;52m[48;2;3;6;50m▀[38;2;20;115;59m[48;2;20;110;58m▀[38;2;2;6;50m[48;2;2;6;50m▀[38;2;4;8;53m[48;2;4;9;54m▀[38;2;4;9;54m▀[38;2;4;9;53m▀[38;2;3;9;51m[48;2;2;9;51m▀[38;2;21;129;60m[48;2;22;129;60m▀[38;2;18;52;63m[48;2;18;53;63m▀[38;2;97;228;141m[48;2;84;212;126m▀[38;2;67;179;106m[48;2;10;87;44m▀[38;2;94;222;136m[48;2;74;193;114m▀[38;2;27;56;74m[48;2;27;57;73m▀[38;2;3;7;53m[48;2;3;8;54m▀[38;2;4;8;53m[48;2;4;9;54m▀[38;2;3;9;54m[48;2;3;8;54m▀[48;2;3;8;55m▄[38;2;3;8;54m[48;2;3;8;53m▀[38;2;2;7;53m[48;2;2;6;52m▀[38;2;1;6;50m[48;2;15;70;59m▀[38;2;15;91;60m[48;2;7;33;51m▀[38;2;1;4;49m[48;2;2;5;51m▀[38;2;2;6;51m[48;2;3;7;52m▀[38;2;5;7;52m[48;2;5;6;50m▀[38;2;6;7;50m[48;2;6;7;51m▀[38;2;5;7;52m[48;2;6;8;52m▀[38;2;11;14;55m[48;2;11;14;54m▀[49m             [0m
                 [38;2;1;5;50m[48;2;1;5;49m▀[38;2;111;113;137m[49m▄[38;2;3;6;50m[48;2;2;6;50m▀[38;2;3;5;51m[48;2;2;6;51m▀[38;2;21;110;59m[48;2;20;107;58m▀[38;2;2;6;51m[48;2;2;6;51m▀[38;2;4;9;55m[48;2;3;8;54m▀[38;2;3;9;54m[48;2;3;7;54m▀[38;2;4;9;54m[48;2;2;7;53m▀[38;2;2;9;52m[48;2;2;9;51m▀[38;2;21;130;58m[48;2;21;129;58m▀[38;2;19;53;63m[48;2;16;46;61m▀[38;2;86;212;127m[48;2;90;209;130m▀[38;2;11;87;45m[48;2;79;201;120m▀[38;2;73;194;114m[48;2;89;210;132m▀[38;2;27;57;73m[48;2;22;46;68m▀[38;2;4;8;54m[48;2;4;8;53m▀[38;2;3;9;54m[48;2;4;9;54m▀[48;2;3;9;54m▀▀[38;2;3;7;54m[48;2;3;7;53m▀[38;2;2;6;52m[48;2;1;5;51m▀[38;2;14;69;58m[48;2;6;25;53m▀[38;2;2;7;51m[48;2;4;19;51m▀[38;2;3;6;51m[48;2;1;4;52m▀[48;2;4;7;51m▄[38;2;5;7;50m[48;2;5;6;52m▀[48;2;5;7;51m▀[38;2;6;7;51m▀[38;2;10;13;54m[48;2;10;13;55m▀[49m             [0m
                 [38;2;3;7;50m[48;2;22;24;66m▀[38;2;98;99;126m[48;2;82;83;112m▀[38;2;2;5;51m[48;2;1;5;51m▀[38;2;3;6;51m[48;2;2;6;51m▀[38;2;20;107;58m[48;2;20;105;59m▀[38;2;2;6;51m[48;2;2;6;51m▀[38;2;3;8;53m[48;2;3;8;53m▀[48;2;3;7;51m▀[38;2;3;7;52m[48;2;2;5;51m▀[38;2;2;8;51m[48;2;1;7;49m▀[38;2;21;127;58m[48;2;21;126;60m▀[38;2;6;27;54m[48;2;7;29;53m▀[38;2;41;91;86m[48;2;1;6;51m▀[38;2;75;165;120m[48;2;1;6;50m▀[38;2;48;105;93m[48;2;1;5;52m▀[38;2;2;6;52m[48;2;3;6;52m▀[38;2;4;7;53m[48;2;3;7;52m▀[38;2;4;8;55m[48;2;3;8;54m▀[38;2;4;9;54m[48;2;3;9;54m▀[48;2;4;8;54m▀[38;2;3;7;53m[48;2;3;7;53m▀[38;2;5;22;50m[48;2;10;65;54m▀[38;2;22;128;58m[48;2;16;95;55m▀[38;2;21;127;58m[48;2;17;96;56m▀[38;2;15;82;56m[48;2;23;133;59m▀[38;2;2;8;51m[48;2;11;59;55m▀[38;2;4;6;51m[48;2;2;5;50m▀[48;2;5;6;51m▄[38;2;5;7;51m[48;2;5;7;51m▀[38;2;10;14;55m[48;2;10;13;55m▀[49m             [0m
                 [38;2;44;47;84m[48;2;66;70;101m▀[38;2;90;91;119m[48;2;91;93;122m▀[38;2;54;56;92m[48;2;96;98;126m▀[38;2;1;5;50m[48;2;1;5;50m▀[38;2;20;104;59m[48;2;20;104;60m▀[38;2;2;6;51m[48;2;2;6;50m▀[38;2;4;7;52m[48;2;3;7;52m▀[38;2;3;5;51m[48;2;2;5;49m▀[38;2;43;46;83m[49m▀[38;2;25;60;63m[48;2;27;69;67m▀[38;2;21;131;59m[48;2;20;132;58m▀[38;2;6;29;52m[48;2;6;28;54m▀[38;2;12;61;55m[48;2;11;67;56m▀[38;2;20;106;59m[48;2;20;119;59m▀[38;2;1;5;51m[48;2;1;4;50m▀[38;2;2;5;52m[48;2;5;16;52m▀[48;2;2;6;52m▄[38;2;3;7;53m[48;2;3;7;52m▀[38;2;3;8;54m▀[38;2;4;8;54m[48;2;4;8;53m▀[38;2;3;7;53m[48;2;4;7;53m▀[38;2;11;48;54m[48;2;1;5;52m▀[38;2;5;21;50m[48;2;2;5;52m▀[38;2;2;5;50m[48;2;1;4;49m▀[38;2;12;78;55m[48;2;77;83;110m▀[38;2;19;126;57m[48;2;19;110;56m▀[38;2;6;32;52m[48;2;16;104;57m▀[38;2;3;5;52m[48;2;2;7;50m▀[38;2;5;7;51m[48;2;4;6;52m▀[38;2;10;13;54m[48;2;10;13;54m▀[49m             [0m
                 [38;2;87;89;118m[48;2;108;111;135m▀[38;2;71;73;105m[48;2;50;52;88m▀[38;2;97;98;127m[48;2;97;99;126m▀[38;2;2;5;50m[48;2;1;4;51m▀[38;2;19;103;59m[48;2;18;101;59m▀[38;2;2;5;50m[48;2;2;5;50m▀[38;2;2;6;52m[48;2;13;17;61m▀[38;2;67;69;101m[49m▀ [38;2;27;70;67m[48;2;29;70;68m▀[38;2;22;127;60m[48;2;13;71;55m▀[38;2;6;27;54m[48;2;1;5;51m▀[38;2;12;67;56m[48;2;11;68;55m▀[38;2;19;118;58m[48;2;19;117;58m▀[38;2;1;4;49m[48;2;10;50;53m▀[38;2;15;82;57m[48;2;17;99;59m▀[38;2;2;4;52m[48;2;2;5;52m▀[38;2;2;6;52m[48;2;2;5;53m▀[38;2;2;5;52m[48;2;1;4;51m▀[38;2;3;7;53m[48;2;2;6;52m▀[48;2;4;8;53m▀[38;2;3;7;52m[48;2;3;8;54m▀[38;2;2;5;52m[48;2;7;10;55m▀[38;2;108;111;136m[49m▀[38;2;109;110;133m[48;2;23;25;64m▀[38;2;28;44;67m[48;2;146;147;165m▀[38;2;19;125;56m[48;2;10;64;50m▀[38;2;10;57;53m[48;2;17;119;56m▀[38;2;2;5;51m[48;2;5;17;52m▀[38;2;10;13;54m[48;2;10;13;55m▀[49m             [0m
                  [38;2;28;30;71m[48;2;7;10;53m▀[49m [38;2;5;8;54m[48;2;12;14;57m▀[38;2;15;68;57m[48;2;1;4;51m▀[38;2;1;4;50m[48;2;52;55;90m▀[38;2;93;96;122m[49m▀  [38;2;29;71;69m[48;2;27;74;66m▀[38;2;12;69;55m[48;2;12;69;55m▀[38;2;1;5;51m[48;2;1;4;51m▀[38;2;11;67;55m[48;2;11;66;55m▀[38;2;19;117;58m[48;2;19;117;58m▀[38;2;11;61;54m[48;2;11;61;53m▀[38;2;17;103;59m[48;2;17;103;57m▀[38;2;2;5;52m[48;2;2;5;52m▀[38;2;86;88;117m[48;2;105;107;133m▀[49m [38;2;41;44;82m[48;2;51;53;90m▀[38;2;3;7;53m[48;2;3;7;52m▀[38;2;4;8;54m[48;2;4;8;54m▀[38;2;24;27;69m[48;2;12;15;59m▀[38;2;63;65;99m[49m▄[38;2;11;13;56m[48;2;32;35;74m▀[38;2;152;153;169m[48;2;146;148;164m▀[38;2;60;76;99m[48;2;79;85;118m▀[38;2;16;103;54m[48;2;10;51;52m▀[38;2;6;25;53m[48;2;5;17;52m▀[38;2;9;13;54m[48;2;8;11;54m▀[49m             [0m
                  [38;2;1;5;49m[48;2;1;5;50m▀[49m [38;2;97;99;124m▀[38;2;0;5;49m▀    [38;2;19;107;58m[48;2;18;108;57m▀[38;2;11;70;54m[48;2;12;69;54m▀[38;2;46;53;91m[49m▀[38;2;11;67;55m[48;2;12;67;55m▀[38;2;19;117;59m[48;2;21;124;57m▀[38;2;11;60;52m[48;2;18;109;56m▀[38;2;16;103;57m[48;2;16;101;57m▀[38;2;2;5;52m[48;2;2;5;51m▀[38;2;46;49;85m[48;2;17;21;63m▀[49m [38;2;40;41;80m[48;2;53;55;91m▀[38;2;3;7;53m[48;2;3;7;53m▀[38;2;3;8;54m[48;2;3;9;53m▀[48;2;4;7;53m▄[38;2;2;5;52m[48;2;2;5;53m▀[38;2;38;40;77m[48;2;108;109;133m▀[38;2;114;115;135m[48;2;95;96;120m▀[38;2;96;99;127m[48;2;45;47;83m▀[38;2;1;4;51m[48;2;2;5;51m▀[38;2;2;5;50m[48;2;2;5;53m▀[38;2;95;98;123m[49m▀             [0m
                  [38;2;1;5;50m[48;2;4;7;51m▀[49m       [38;2;19;108;58m[48;2;18;108;58m▀[38;2;13;68;55m[48;2;36;72;74m▀[49m [38;2;13;68;54m[48;2;12;67;54m▀[38;2;19;128;57m[48;2;19;128;57m▀[38;2;20;128;57m[48;2;20;128;57m▀[38;2;16;101;57m[48;2;16;102;57m▀[38;2;2;5;51m[48;2;2;5;51m▀[38;2;13;17;59m▀[49m [38;2;69;72;104m[48;2;86;87;117m▀[38;2;2;7;53m[48;2;2;7;53m▀[38;2;3;8;54m[48;2;3;9;53m▀[48;2;3;9;54m▀[38;2;2;5;52m[48;2;3;7;53m▀[38;2;92;94;120m[48;2;2;5;51m▀[38;2;56;58;86m[48;2;126;128;150m▀[38;2;81;83;112m[49m▀[38;2;1;4;50m▀[38;2;21;24;65m▀              [0m
                  [38;2;21;24;66m[48;2;43;46;83m▀[38;2;117;119;141m[49m▄      [38;2;18;107;58m[48;2;18;106;58m▀[38;2;56;78;91m[48;2;55;78;90m▀[49m [38;2;11;66;54m[48;2;11;67;54m▀[38;2;19;127;57m[48;2;19;128;57m▀[38;2;19;128;57m▀[38;2;16;102;57m[48;2;16;103;57m▀[38;2;2;5;52m[48;2;2;5;52m▀[38;2;2;6;51m[48;2;2;6;52m▀[49m [38;2;101;103;130m[48;2;116;118;143m▀[38;2;3;6;53m[48;2;2;6;52m▀[38;2;3;9;54m[48;2;3;8;54m▀[38;2;4;9;54m[48;2;4;9;54m▀[38;2;3;8;53m[48;2;3;8;54m▀[38;2;3;6;51m[48;2;3;7;53m▀[38;2;98;100;127m[48;2;1;4;49m▀[49m                 [0m
                  [38;2;64;67;99m[48;2;87;89;118m▀[38;2;94;96;124m[48;2;71;74;106m▀[49m     [38;2;19;66;60m[48;2;11;65;52m▀[38;2;15;86;56m[48;2;14;81;55m▀[38;2;92;98;124m[49m▀ [38;2;12;67;55m[48;2;11;67;55m▀[38;2;19;127;57m[48;2;19;127;56m▀[38;2;19;128;57m[48;2;19;128;57m▀[38;2;16;102;57m[48;2;15;102;56m▀[38;2;2;5;52m[48;2;2;5;51m▀[38;2;3;6;53m[48;2;3;6;52m▀[49m  [38;2;2;6;52m[48;2;2;6;51m▀[38;2;3;9;53m[48;2;4;9;54m▀[38;2;4;9;54m▀[38;2;3;9;54m[48;2;3;9;55m▀[38;2;4;7;54m[48;2;3;8;53m▀[38;2;2;5;50m[48;2;2;6;51m▀[38;2;125;127;146m[49m▄                [0m
                  [38;2;108;110;135m▀[38;2;50;54;90m[48;2;30;33;72m▀[49m     [38;2;10;65;53m[48;2;12;66;53m▀[38;2;14;81;55m[48;2;17;82;59m▀[49m [38;2;92;94;122m[48;2;59;61;96m▀[38;2;11;66;55m[48;2;11;67;55m▀[38;2;19;127;56m[48;2;19;127;57m▀[38;2;19;128;56m[48;2;20;127;58m▀[38;2;16;101;57m[48;2;17;102;58m▀[38;2;2;5;52m[48;2;2;5;52m▀[38;2;2;6;52m[48;2;2;6;52m▀[38;2;100;101;129m[48;2;80;82;112m▀[49m [38;2;2;5;52m[48;2;2;5;51m▀[38;2;4;8;54m[48;2;3;8;53m▀[38;2;4;9;54m[48;2;3;9;54m▀[38;2;3;9;54m▀[38;2;3;9;55m▀[38;2;2;7;53m[48;2;3;8;53m▀[38;2;92;95;122m[48;2;66;69;101m▀[49m                [0m
                   [38;2;9;13;55m[48;2;0;5;49m▀[49m    [38;2;101;106;127m[48;2;93;101;121m▀[38;2;22;121;61m[48;2;21;128;59m▀[38;2;82;105;112m[48;2;99;115;125m▀[49m [38;2;52;53;88m▀[38;2;11;66;55m[48;2;11;65;54m▀[38;2;19;127;57m[48;2;18;127;57m▀[48;2;19;128;57m▀[38;2;16;102;57m[48;2;17;101;58m▀[38;2;2;5;51m[48;2;2;5;52m▀[48;2;2;6;52m▄[38;2;86;88;116m[49m▀ [38;2;68;70;102m▀[38;2;3;7;52m[48;2;2;6;51m▀[38;2;3;9;54m[48;2;3;9;54m▀[48;2;3;9;53m▀[48;2;3;9;54m▀[38;2;3;8;54m[48;2;3;8;53m▀[38;2;1;5;51m[48;2;2;6;51m▀[49m                [0m
                   [38;2;1;5;50m[48;2;1;5;51m▀[49m    [38;2;94;102;122m[48;2;94;102;122m▀[38;2;21;128;59m[48;2;21;129;59m▀[38;2;67;84;99m[48;2;5;23;49m▀[49m [38;2;22;25;64m▄[38;2;11;65;55m[48;2;11;66;55m▀[38;2;19;126;57m[48;2;19;127;57m▀[38;2;20;128;57m[48;2;19;128;57m▀[38;2;17;102;58m[48;2;18;102;57m▀[38;2;1;5;52m[48;2;2;5;52m▀[38;2;2;6;52m▄[38;2;66;68;102m[49m▄ [38;2;115;116;138m[48;2;48;50;85m▀[38;2;2;6;52m[48;2;2;6;52m▀[38;2;4;9;54m[48;2;3;9;54m▀[48;2;4;9;53m▀[38;2;3;9;54m▄[48;2;3;8;54m▄[38;2;2;6;52m[48;2;2;7;53m▀[38;2;76;78;109m[48;2;55;59;93m▀[49m               [0m
                   [38;2;3;7;51m[48;2;22;25;66m▀[49m    [38;2;92;101;122m[48;2;56;86;91m▀[38;2;22;129;59m[48;2;20;124;59m▀[38;2;4;22;53m[48;2;4;16;52m▀[49m [38;2;77;79;112m[48;2;80;83;113m▀[38;2;11;66;55m[48;2;11;66;56m▀[38;2;19;127;56m[48;2;19;127;57m▀▀[38;2;17;101;57m[48;2;17;101;58m▀[38;2;2;6;51m[48;2;2;6;52m▀[38;2;3;7;52m[48;2;4;7;53m▀[38;2;1;5;50m[48;2;3;6;52m▀[38;2;99;102;126m[49m▄ [38;2;3;6;52m[48;2;2;6;52m▀[38;2;3;9;53m[48;2;3;9;54m▀▀▄[38;2;4;9;54m▀[38;2;3;8;53m▀[38;2;2;6;50m[48;2;2;6;51m▀[49m               [0m
                   [38;2;44;47;84m[48;2;64;67;100m▀[38;2;116;118;142m[48;2;95;97;124m▀[49m   [38;2;14;86;56m[48;2;14;85;54m▀[38;2;17;111;56m[48;2;18;110;58m▀[38;2;1;4;52m[48;2;2;5;51m▀[49m [38;2;87;88;119m[48;2;93;95;124m▀[38;2;11;66;55m[48;2;11;66;55m▀[38;2;19;127;56m[48;2;19;127;57m▀[48;2;19;127;56m▀[38;2;16;101;57m[48;2;17;102;56m▀[38;2;2;6;52m[48;2;2;5;52m▀[38;2;3;7;53m[48;2;3;7;53m▀[38;2;3;7;52m[48;2;3;7;52m▀[38;2;79;81;111m[48;2;30;33;71m▀[49m [38;2;2;6;51m[48;2;17;20;62m▀[38;2;4;9;53m[48;2;3;8;53m▀[38;2;3;9;54m[48;2;3;9;53m▀[38;2;3;9;53m▀▀[38;2;3;9;54m[48;2;3;9;54m▀[38;2;3;7;53m[48;2;3;7;53m▀[38;2;45;48;83m[48;2;45;47;84m▀[49m              [0m
                   [38;2;85;88;117m[48;2;107;109;135m▀[38;2;73;75;106m[48;2;52;55;89m▀[49m   [38;2;14;85;54m[48;2;13;85;54m▀[38;2;19;111;57m[48;2;19;111;58m▀[38;2;2;5;52m[48;2;2;5;52m▀[38;2;125;127;149m[48;2;116;118;142m▀[38;2;101;103;129m[48;2;107;109;134m▀[38;2;11;66;55m[48;2;11;66;55m▀[38;2;19;128;56m[48;2;19;128;57m▀[38;2;19;127;56m[48;2;20;128;57m▀[38;2;17;102;57m[48;2;17;103;58m▀[38;2;2;5;52m[48;2;2;5;52m▀[38;2;3;7;52m[48;2;3;7;53m▀[38;2;3;8;53m▄[38;2;2;5;49m[48;2;2;5;50m▀[49m [38;2;43;45;82m[48;2;69;72;104m▀[38;2;3;8;53m[48;2;2;7;53m▀[38;2;4;9;53m[48;2;4;9;54m▀[38;2;3;9;53m[48;2;3;9;53m▀[38;2;3;9;54m[48;2;3;9;54m▀▀[38;2;3;8;53m[48;2;3;8;53m▀[38;2;7;11;55m[48;2;2;6;52m▀[38;2;119;121;144m[49m▄             [0m
                    [38;2;29;33;70m[48;2;10;14;54m▀[49m   [38;2;13;85;54m[48;2;14;85;55m▀[38;2;19;111;57m[48;2;19;111;56m▀[38;2;1;6;51m[48;2;2;6;51m▀[38;2;108;110;136m[48;2;73;75;108m▀[38;2;115;117;140m[48;2;86;88;117m▀[38;2;11;66;54m[48;2;11;66;55m▀[38;2;18;127;56m[48;2;18;127;57m▀[38;2;19;128;57m[48;2;19;128;57m▀[38;2;17;102;57m[48;2;17;103;58m▀[38;2;2;5;52m[48;2;2;5;52m▀[38;2;3;7;53m[48;2;3;8;53m▀[48;2;3;7;53m▀[38;2;2;5;52m[48;2;2;6;52m▀[49m [38;2;97;99;127m[48;2;121;122;146m▀[38;2;2;6;53m[48;2;2;6;53m▀[38;2;3;8;53m[48;2;3;9;54m▀[38;2;3;9;53m▀[38;2;3;9;54m▀▀[38;2;3;9;53m▀[38;2;2;7;53m[48;2;3;8;53m▀[38;2;10;14;57m[48;2;2;6;52m▀[49m             [0m
                    [38;2;1;5;49m[48;2;1;5;50m▀[49m   [38;2;14;85;56m[48;2;15;73;56m▀[38;2;19;111;58m[48;2;19;95;59m▀[38;2;2;5;51m[48;2;2;6;51m▀[38;2;3;6;51m[48;2;5;6;51m▀[38;2;3;6;50m[48;2;4;6;52m▀[38;2;11;67;55m[48;2;11;67;55m▀[38;2;19;128;56m[48;2;19;129;58m▀[38;2;19;128;57m[48;2;19;128;58m▀[38;2;16;102;59m[48;2;16;102;58m▀[38;2;2;5;52m[48;2;2;6;52m▀[38;2;3;7;53m[48;2;3;7;53m▀[38;2;3;8;52m[48;2;3;8;53m▀[38;2;2;6;52m[48;2;3;6;51m▀[38;2;82;84;114m[48;2;2;5;52m▀[38;2;113;113;138m[48;2;2;5;51m▀[38;2;2;6;52m[48;2;3;7;53m▀[38;2;4;9;54m[48;2;4;9;53m▀[48;2;3;9;54m▄[48;2;4;9;53m▄[38;2;3;9;54m[48;2;3;9;54m▀[38;2;3;9;55m[48;2;3;9;55m▀[38;2;3;8;54m[48;2;4;9;54m▀[38;2;2;7;52m[48;2;3;7;53m▀[38;2;9;13;54m[48;2;8;12;55m▀[49m            [0m
                    [38;2;1;4;49m[48;2;4;8;50m▀[49m   [38;2;9;12;54m▀[38;2;9;12;53m▀[38;2;3;6;52m[48;2;39;41;79m▀[38;2;5;7;51m[48;2;5;7;51m▀▀[38;2;13;67;55m[48;2;9;33;54m▀[38;2;20;128;58m[48;2;12;60;55m▀[38;2;21;129;58m[48;2;13;60;55m▀[38;2;17;102;58m[48;2;10;49;55m▀[38;2;1;5;52m[48;2;71;74;105m▀[38;2;2;6;52m[48;2;83;85;115m▀[38;2;3;7;52m[48;2;2;6;51m▀[38;2;4;7;52m[48;2;4;7;52m▀[38;2;4;7;51m[48;2;4;7;51m▀[38;2;4;6;51m[48;2;5;7;52m▀[38;2;3;7;53m[48;2;3;7;52m▀[38;2;3;9;54m[48;2;3;8;53m▀[38;2;4;9;54m[48;2;3;8;54m▀[38;2;3;9;54m[48;2;3;8;53m▀[38;2;3;8;54m[48;2;3;7;53m▀[38;2;3;9;53m[48;2;3;8;53m▀[48;2;3;9;54m▄[38;2;3;8;53m▀[38;2;3;6;52m[48;2;3;7;53m▀[38;2;45;48;84m[48;2;26;29;71m▀[49m           [0m
                    [38;2;23;26;67m[48;2;45;48;84m▀[38;2;115;117;140m[49m▄   [38;2;23;25;68m▄[38;2;16;19;61m[48;2;4;6;50m▀[38;2;5;7;51m[48;2;5;7;51m▀[38;2;5;7;52m▀[38;2;3;7;52m[48;2;4;7;51m▀[38;2;35;38;78m[48;2;89;91;119m▀[38;2;96;98;126m[49m▀[38;2;96;98;125m▀  [38;2;1;5;50m▀[38;2;1;5;52m▀[38;2;3;6;52m[48;2;54;56;92m▀[38;2;5;7;51m[48;2;5;7;51m▀[48;2;5;6;51m▀[38;2;3;6;52m[48;2;15;18;60m▀[38;2;2;6;52m[49m▀▀[38;2;2;6;51m[48;2;84;86;115m▀[38;2;2;6;52m[48;2;7;10;54m▀[38;2;3;8;54m[48;2;2;6;53m▀[48;2;2;8;53m▀[38;2;3;8;53m[48;2;3;8;53m▀[38;2;2;7;52m[48;2;3;7;53m▀[38;2;1;5;50m[48;2;2;6;52m▀[38;2;19;23;63m[49m▄         [0m
                    [38;2;39;41;79m[48;2;30;33;69m▀[38;2;47;50;85m[48;2;42;44;80m▀[38;2;109;111;137m[49m▄[38;2;33;36;73m[48;2;2;5;52m▀[38;2;19;21;63m[48;2;2;6;51m▀[38;2;3;6;50m[48;2;3;6;52m▀[48;2;5;6;50m▄[38;2;4;6;51m[48;2;11;14;57m▀[48;2;14;17;59m▀[48;2;3;5;51m▀[38;2;89;91;119m[48;2;87;90;118m▀[49m      [38;2;80;82;112m[48;2;80;83;112m▀[38;2;5;7;51m[48;2;5;6;51m▀[48;2;6;7;51m▀[38;2;10;13;56m[48;2;4;6;51m▀[38;2;134;135;155m[49m▄  [38;2;125;128;147m▀[38;2;37;41;79m▀[38;2;2;6;52m[48;2;7;11;52m▀[38;2;3;7;52m[48;2;6;10;51m▀[38;2;2;7;52m[48;2;5;9;50m▀[38;2;2;7;53m[48;2;6;10;51m▀[38;2;4;7;54m▀[38;2;28;32;70m[48;2;6;10;50m▀[38;2;101;104;127m[48;2;85;88;113m▀[49m       [0m
                     [38;2;116;118;137m▀[38;2;126;128;147m▀[38;2;30;33;71m▀[38;2;29;33;72m▀▀[38;2;28;32;70m▀  [38;2;30;33;71m▀[38;2;105;108;131m▀      [38;2;80;82;113m[48;2;80;82;112m▀[38;2;4;7;51m[48;2;2;6;50m▀[38;2;5;6;51m[48;2;3;6;51m▀[38;2;4;7;51m[48;2;3;7;51m▀[38;2;63;66;98m[48;2;58;61;94m▀[49m                  [0m
                                      [38;2;105;107;131m▀[38;2;105;107;132m▀[38;2;106;109;132m▀                   [0m
                                                            [0m