                                                            [0m
                                                            [0m
                                                            [0m
                                                            [0m
             [38;2;156;145;198m▄                   [38;2;57;12;170m▄[38;2;54;14;166m[48;2;72;14;219m▀[38;2;71;12;219m[48;2;73;13;220m▀[38;2;73;12;220m[48;2;70;13;213m▀[38;2;73;14;219m[48;2;59;15;183m▀[49m                      [0m
             [38;2;202;194;228m[48;2;204;194;234m▀[49m                 [38;2;65;14;198m▄[38;2;67;14;205m[48;2;73;14;217m▀[38;2;72;14;217m[48;2;73;15;218m▀[38;2;74;15;219m[48;2;74;16;218m▀[38;2;73;13;220m[48;2;73;15;219m▀[38;2;61;14;180m[49m▀                       [0m
           [38;2;157;127;224m▄[38;2;181;159;228m[48;2;167;139;229m▀[38;2;129;85;223m[48;2;178;151;233m▀[38;2;201;190;232m[48;2;222;213;242m▀[49m              [38;2;40;10;122m▄[38;2;47;12;142m[48;2;72;14;219m▀[38;2;72;13;219m[48;2;73;15;218m▀[38;2;74;14;219m[48;2;74;16;218m▀[38;2;75;16;219m▄[38;2;75;17;219m[48;2;75;16;220m▀[38;2;72;16;217m[48;2;57;12;166m▀[49m                        [0m
         [38;2;161;134;226m▄[38;2;176;144;233m▄[38;2;178;149;233m[48;2;157;118;231m▀[38;2;143;101;229m[48;2;245;243;248m▀[38;2;252;252;252m[48;2;252;252;251m▀[38;2;223;215;241m[48;2;249;250;249m▀[38;2;201;185;235m[49m▄[38;2;181;156;232m▀           [38;2;72;15;215m▄[38;2;71;15;217m[48;2;73;14;218m▀[38;2;73;15;218m[48;2;74;16;218m▀[38;2;74;16;219m▄[38;2;75;17;218m[48;2;75;17;219m▀[38;2;75;16;218m[48;2;74;17;218m▀[38;2;75;16;220m[48;2;75;16;221m▀[38;2;55;13;162m[48;2;54;14;161m▀[49m                        [0m
         [38;2;168;141;230m▀[38;2;223;213;244m[48;2;206;192;240m▀[38;2;215;203;241m[48;2;251;252;251m▀[38;2;252;252;251m[48;2;251;251;251m▀[38;2;251;251;251m▀[38;2;251;251;250m[48;2;251;251;250m▀[38;2;236;231;245m▀[38;2;191;171;238m[48;2;251;252;250m▀[38;2;185;165;232m[49m▄         [38;2;63;13;194m[48;2;49;11;215m▀[38;2;73;13;221m[48;2;87;37;215m▀[38;2;73;13;219m[48;2;93;30;220m▀[38;2;74;16;218m[48;2;75;14;220m▀[48;2;74;15;219m▀[38;2;75;16;219m[48;2;75;16;218m▀[38;2;74;16;219m[48;2;74;16;218m▀[38;2;75;17;220m[48;2;75;17;221m▀[38;2;55;14;162m[48;2;55;13;163m▀[49m                        [0m
        [38;2;163;144;219m▄  [38;2;251;252;251m[48;2;251;252;251m▀[38;2;251;251;251m[48;2;251;251;251m▀▀▀[48;2;251;251;250m▀[38;2;251;252;251m[48;2;251;252;251m▀[38;2;252;252;250m[48;2;162;132;230m▀[38;2;173;157;219m[49m▀        [38;2;26;8;207m[48;2;26;6;208m▀[38;2;142;91;211m[48;2;63;41;203m▀[38;2;191;109;218m[48;2;244;150;220m▀[38;2;98;33;219m[48;2;97;51;211m▀[38;2;72;14;219m[48;2;66;12;217m▀[38;2;74;15;219m[48;2;73;15;218m▀[38;2;74;16;220m[48;2;74;16;217m▀[38;2;75;16;220m[48;2;74;16;218m▀[38;2;54;13;163m[48;2;65;15;199m▀[49m                        [0m
        [38;2;183;171;225m▀[38;2;166;139;229m▄[38;2;169;136;229m▄[38;2;252;252;251m[48;2;182;154;234m▀[48;2;251;251;251m▄[38;2;251;251;250m▀▀[38;2;251;252;251m[48;2;252;252;251m▀[48;2;201;184;236m▀[49m          [38;2;33;8;162m[48;2;37;8;149m▀[38;2;23;18;199m[48;2;141;90;209m▀[38;2;240;147;220m[48;2;251;152;220m▀[38;2;99;63;203m[48;2;250;153;223m▀[38;2;163;94;215m[48;2;227;136;223m▀[38;2;73;13;218m[48;2;77;15;218m▀[38;2;74;16;217m[48;2;73;15;217m▀[38;2;75;16;219m[48;2;75;17;218m▀[38;2;74;16;221m[48;2;74;17;220m▀[49m                        [0m
         [38;2;168;138;232m▀[38;2;205;186;241m[48;2;211;201;238m▀[38;2;160;124;226m[48;2;192;171;236m▀[38;2;213;202;240m[48;2;152;118;226m▀[38;2;252;252;251m[48;2;227;220;243m▀[38;2;251;252;251m[48;2;247;247;249m▀[38;2;252;252;251m[48;2;180;153;234m▀[38;2;181;154;235m[49m▀          [38;2;37;7;148m[48;2;37;6;150m▀[38;2;144;89;209m[48;2;144;90;208m▀[38;2;252;152;220m[48;2;252;153;220m▀[38;2;251;152;221m[48;2;251;153;220m▀[38;2;251;154;222m[48;2;248;153;220m▀[38;2;128;56;219m[48;2;112;63;210m▀[38;2;73;14;219m[48;2;70;13;220m▀[38;2;74;16;219m[48;2;74;15;220m▀[48;2;74;16;219m▀[38;2;70;18;213m[48;2;73;16;219m▀[49m                       [0m
           [38;2;247;249;249m▀[38;2;161;127;231m[48;2;248;248;249m▀[38;2;185;164;234m[48;2;249;249;250m▀[38;2;243;241;247m[48;2;242;242;247m▀[49m [38;2;170;147;228m▄          [38;2;53;11;193m[48;2;37;12;209m▀[38;2;144;90;209m[48;2;78;52;205m▀[38;2;252;154;220m[48;2;252;154;221m▀[48;2;252;153;221m▄[38;2;245;151;222m[48;2;246;152;222m▀[38;2;10;10;199m[48;2;10;11;200m▀[38;2;64;11;220m[48;2;42;11;214m▀[38;2;75;15;219m[48;2;74;14;219m▀[38;2;74;16;218m[48;2;74;16;217m▀[38;2;73;15;220m[48;2;74;17;219m▀[38;2;61;14;185m[48;2;72;16;216m▀[49m                      [0m
            [38;2;164;137;231m[48;2;196;181;236m▀[38;2;251;252;251m[48;2;150;112;227m▀[38;2;177;150;228m[48;2;90;27;219m▀[38;2;161;134;225m[48;2;222;216;239m▀[38;2;110;78;200m[48;2;89;57;186m▀[49m         [38;2;62;12;184m▄[38;2;22;10;205m[48;2;7;7;204m▀[38;2;21;17;203m[48;2;2;6;203m▀[38;2;129;81;210m[48;2;2;5;204m▀[38;2;130;81;210m[48;2;5;4;207m▀[38;2;134;79;214m[48;2;29;2;215m▀[38;2;7;8;203m[48;2;4;5;206m▀[38;2;22;8;208m[48;2;1;6;201m▀[38;2;71;14;219m[48;2;67;13;217m▀[38;2;74;16;218m[48;2;75;16;218m▀[38;2;76;16;219m▄[38;2;73;15;219m[48;2;73;16;219m▀[38;2;51;13;153m[48;2;71;13;218m▀[38;2;50;13;150m[49m▄                    [0m
            [38;2;183;171;221m▀[38;2;161;136;221m[48;2;179;168;216m▀[38;2;168;141;229m[48;2;251;252;251m▀[38;2;252;252;251m[48;2;152;141;201m▀[38;2;166;155;203m[49m▀         [38;2;64;10;190m[48;2;53;11;158m▀[38;2;8;6;204m[48;2;31;7;212m▀[38;2;3;6;204m[48;2;2;5;203m▀[38;2;3;6;206m[48;2;2;6;205m▀[38;2;27;3;211m[48;2;30;3;212m▀[38;2;32;2;213m[48;2;19;4;210m▀[38;2;4;6;206m[48;2;11;8;208m▀[38;2;12;6;206m[48;2;73;13;223m▀[38;2;68;13;218m[48;2;75;14;221m▀[38;2;74;15;219m▀[38;2;74;16;220m[48;2;71;15;220m▀[38;2;74;15;218m[48;2;67;14;218m▀[38;2;73;14;220m[48;2;66;14;217m▀[38;2;50;13;151m[48;2;49;11;151m▀[49m                    [0m
              [38;2;251;252;252m[48;2;210;210;231m▀[38;2;55;35;157m[48;2;146;144;206m▀[49m           [38;2;61;10;214m[48;2;69;10;210m▀[38;2;10;6;204m[48;2;42;8;213m▀[38;2;2;6;204m[48;2;2;5;204m▀[38;2;24;3;209m[48;2;16;4;208m▀[38;2;29;7;210m[48;2;76;12;224m▀[38;2;74;14;222m[48;2;76;14;221m▀[38;2;75;13;224m[48;2;76;14;222m▀[38;2;75;14;223m[48;2;71;14;220m▀[38;2;69;13;220m[48;2;33;9;209m▀[38;2;32;10;210m[48;2;29;8;209m▀[38;2;15;7;204m[48;2;55;13;215m▀[38;2;20;7;208m[48;2;71;15;216m▀[38;2;22;7;159m[48;2;23;7;205m▀[38;2;2;4;127m[49m▄                   [0m
              [38;2;89;86;177m[48;2;65;62;154m▀[38;2;167;166;219m[48;2;189;190;228m▀[49m          [38;2;69;15;213m[48;2;71;14;215m▀[38;2;54;9;214m[48;2;58;10;217m▀[38;2;72;11;224m[48;2;77;11;226m▀[38;2;24;6;212m[48;2;55;10;217m▀[38;2;39;8;214m[48;2;57;9;218m▀[38;2;75;11;222m[48;2;76;11;223m▀[38;2;76;13;222m[48;2;76;13;222m▀[38;2;76;13;224m[48;2;43;10;215m▀[38;2;39;10;213m[48;2;40;10;209m▀[38;2;33;10;208m[48;2;69;15;217m▀[38;2;68;14;215m[48;2;72;16;215m▀[38;2;72;17;216m[48;2;72;18;215m▀[38;2;72;16;216m[48;2;73;17;216m▀[38;2;60;13;215m[48;2;72;16;218m▀[38;2;23;8;131m[48;2;45;11;137m▀[49m                   [0m
              [38;2;37;35;129m▀[38;2;213;214;235m[48;2;235;235;244m▀[49m         [38;2;42;10;122m[48;2;41;10;122m▀[38;2;72;15;217m[48;2;72;15;217m▀[38;2;59;14;214m[48;2;69;15;218m▀[38;2;77;12;228m[48;2;51;7;217m▀[38;2;78;11;225m[48;2;78;10;226m▀[38;2;69;9;222m[48;2;78;10;227m▀[38;2;77;12;226m[48;2;51;9;218m▀[38;2;44;9;215m[48;2;37;10;211m▀[38;2;43;11;213m[48;2;67;15;216m▀[38;2;68;14;214m[48;2;72;17;214m▀[38;2;72;17;215m[48;2;72;18;214m▀[38;2;73;18;214m[48;2;73;19;215m▀[48;2;74;19;214m▀[38;2;74;18;216m[48;2;73;18;215m▀[38;2;72;16;217m[48;2;73;17;217m▀[38;2;45;11;138m[48;2;54;14;163m▀[49m                   [0m
               [38;2;232;233;242m[48;2;207;208;233m▀[38;2;52;51;116m[49m▄        [38;2;65;13;198m[48;2;72;16;216m▀[38;2;72;16;218m[48;2;71;16;217m▀[38;2;52;10;217m[48;2;47;10;215m▀[38;2;50;8;218m[48;2;55;9;219m▀[38;2;79;10;228m[48;2;69;9;225m▀[38;2;70;10;225m[48;2;36;10;210m▀[38;2;35;8;211m[48;2;64;11;223m▀[38;2;48;11;213m[48;2;51;13;212m▀[38;2;72;17;214m[48;2;72;17;214m▀[38;2;73;18;214m[48;2;74;18;215m▀[38;2;73;19;215m[48;2;74;18;216m▀[38;2;74;18;215m[48;2;72;18;216m▀[38;2;74;19;216m[48;2;73;19;216m▀[48;2;74;19;215m▀[38;2;73;17;216m[48;2;73;18;216m▀[38;2;72;16;218m[48;2;73;16;219m▀[49m                   [0m
               [38;2;181;183;222m[48;2;158;158;215m▀[38;2;76;76;139m[48;2;100;100;160m▀[49m       [38;2;46;14;137m[48;2;62;16;182m▀[38;2;72;15;218m[48;2;68;15;216m▀[38;2;72;16;216m[48;2;72;16;218m▀[38;2;49;10;215m[48;2;49;9;215m▀[38;2;71;10;224m[48;2;80;11;225m▀[38;2;40;8;214m[48;2;66;12;221m▀[38;2;63;9;220m[48;2;80;11;226m▀[38;2;72;10;224m[48;2;73;11;224m▀[38;2;52;12;211m[48;2;51;12;211m▀[38;2;73;18;215m[48;2;74;18;215m▀[48;2;74;18;216m▀[38;2;73;17;217m[48;2;58;15;214m▀[38;2;73;17;218m[48;2;66;16;217m▀[38;2;74;18;216m[48;2;74;17;216m▀[48;2;73;19;215m▀[48;2;73;18;216m▄[38;2;74;17;218m[48;2;74;17;218m▀[38;2;57;15;174m[49m▄                  [0m
               [38;2;133;134;202m[48;2;76;77;171m▀[38;2;121;124;180m[48;2;92;70;192m▀[38;2;190;125;175m[49m▄     [38;2;61;12;190m▄[38;2;68;16;207m[48;2;72;16;219m▀[38;2;38;11;211m[48;2;37;12;211m▀[38;2;66;15;217m[48;2;66;14;217m▀[38;2;47;9;214m[48;2;48;8;213m▀[38;2;80;10;225m[48;2;81;11;225m▀[38;2;81;12;226m[48;2;82;12;225m▀[38;2;81;11;226m[48;2;82;12;224m▀[38;2;74;11;223m[48;2;74;10;224m▀[38;2;51;12;212m[48;2;52;13;211m▀[38;2;73;18;215m[48;2;73;18;215m▀[38;2;73;19;216m[48;2;74;19;216m▀[38;2;46;12;215m[48;2;46;13;213m▀[38;2;58;13;217m[48;2;58;14;215m▀[38;2;74;18;217m[48;2;73;18;216m▀[38;2;73;18;217m[48;2;74;18;216m▀[38;2;74;18;215m▀[38;2;74;18;217m[48;2;73;18;216m▀[38;2;73;16;219m[48;2;73;17;218m▀[38;2;45;14;137m[49m▄                 [0m
               [38;2;165;106;198m[48;2;221;137;215m▀[38;2;168;104;212m[48;2;67;40;201m▀[38;2;246;153;222m[48;2;131;81;208m▀[38;2;157;98;148m[49m▄[38;2;48;12;150m[48;2;67;14;209m▀[38;2;53;12;156m[48;2;74;13;221m▀[38;2;52;11;158m[48;2;74;13;223m▀[38;2;45;9;172m[48;2;69;11;221m▀[38;2;47;9;217m[48;2;38;9;213m▀[38;2;73;16;219m[48;2;74;14;222m▀[38;2;37;11;211m[48;2;37;11;212m▀[38;2;66;14;217m[48;2;66;13;218m▀[38;2;47;7;214m[48;2;47;8;214m▀[38;2;81;11;225m[48;2;82;11;227m▀[38;2;83;12;225m[48;2;83;12;225m▀[48;2;84;12;226m▀[38;2;73;11;225m[48;2;74;11;225m▀[38;2;51;12;212m[48;2;52;13;212m▀[38;2;73;18;215m[48;2;73;18;214m▀[38;2;73;18;216m[48;2;74;19;216m▀[38;2;47;12;213m[48;2;46;13;212m▀[38;2;58;15;215m[48;2;58;14;217m▀[38;2;73;17;216m[48;2;74;17;217m▀[38;2;74;18;217m[48;2;75;18;217m▀[48;2;74;18;217m▀[38;2;74;18;216m[48;2;74;19;217m▀[48;2;73;17;217m▄[38;2;59;15;177m[48;2;61;15;181m▀[49m                 [0m
               [38;2;249;154;221m[48;2;248;154;220m▀[38;2;221;138;218m[48;2;243;149;221m▀[38;2;116;72;207m[48;2;111;69;206m▀[38;2;246;153;218m[48;2;252;154;221m▀[38;2;107;59;208m[48;2;113;61;210m▀[38;2;75;14;220m[48;2;74;15;219m▀[38;2;74;15;221m[48;2;74;17;218m▀[38;2;75;16;221m[48;2;73;17;217m▀[38;2;55;11;216m[48;2;71;15;219m▀[38;2;48;12;215m[48;2;20;8;209m▀[38;2;25;8;210m[48;2;7;6;206m▀[38;2;66;14;218m[48;2;68;14;218m▀[38;2;47;8;215m[48;2;46;7;215m▀[38;2;83;11;226m[48;2;83;11;226m▀[38;2;83;12;226m[48;2;83;12;226m▀▀[38;2;74;11;224m[48;2;73;11;225m▀[38;2;51;12;212m[48;2;51;13;212m▀[38;2;73;18;214m[48;2;73;19;214m▀[38;2;73;19;215m[48;2;73;18;216m▀[38;2;46;13;212m[48;2;46;13;213m▀[38;2;47;12;214m[48;2;34;10;213m▀[38;2;74;17;218m[48;2;73;17;218m▀[38;2;74;18;218m[48;2;74;16;220m▀[38;2;75;17;217m[48;2;73;16;219m▀[38;2;74;18;216m[48;2;73;17;217m▀[38;2;74;18;217m[48;2;74;19;216m▀[38;2;73;18;215m[48;2;73;17;217m▀[38;2;36;11;107m[49m▄                [0m
               [38;2;245;153;217m[48;2;210;133;188m▀[38;2;245;147;221m[48;2;247;152;225m▀[38;2;118;68;212m[48;2;99;52;211m▀[38;2;252;154;221m[48;2;252;157;222m▀[38;2;113;62;211m[48;2;114;63;212m▀[38;2;74;16;218m[48;2;74;16;217m▀[38;2;73;18;218m[48;2;74;17;218m▀[38;2;73;18;217m[48;2;75;18;218m▀[38;2;73;17;218m[48;2;74;18;217m▀[38;2;41;10;213m[48;2;60;14;217m▀[38;2;18;7;209m[48;2;19;7;209m▀[38;2;71;15;219m[48;2;71;14;219m▀[38;2;45;7;214m[48;2;45;7;213m▀[38;2;82;10;226m[48;2;82;9;227m▀[38;2;83;11;226m[48;2;84;10;226m▀[38;2;83;12;227m[48;2;83;10;227m▀[38;2;73;9;225m[48;2;71;9;224m▀[38;2;52;13;211m[48;2;51;12;210m▀[38;2;73;18;215m[48;2;73;19;213m▀[38;2;73;19;215m[48;2;73;19;215m▀[38;2;47;13;213m[48;2;45;12;213m▀[38;2;35;10;212m[48;2;35;10;213m▀[38;2;72;16;218m[48;2;73;16;221m▀[38;2;59;13;216m[48;2;41;10;214m▀[38;2;36;10;211m[48;2;53;12;216m▀[38;2;72;17;216m[48;2;73;17;216m▀[38;2;74;19;215m[48;2;74;19;215m▀[38;2;73;18;217m[48;2;73;18;216m▀[38;2;45;14;132m[48;2;72;18;217m▀[49m                [0m
                [38;2;176;142;216m[48;2;135;134;201m▀[38;2;97;81;210m[48;2;122;122;220m▀[38;2;75;48;204m[48;2;1;5;201m▀[38;2;48;23;207m[48;2;20;8;207m▀[38;2;74;16;218m[48;2;73;16;218m▀[38;2;74;18;217m[48;2;73;19;215m▀[38;2;74;18;216m[48;2;74;18;215m▀[38;2;73;18;217m[48;2;73;18;215m▀[38;2;72;17;220m[48;2;72;16;220m▀[38;2;21;8;208m[48;2;20;8;207m▀[38;2;69;14;218m[48;2;68;14;217m▀[38;2;27;7;210m[48;2;4;6;202m▀[38;2;48;8;218m[48;2;21;7;211m▀[38;2;48;9;217m▀[38;2;48;8;217m[48;2;20;6;210m▀[38;2;40;9;216m[48;2;2;7;204m▀[38;2;50;13;211m[48;2;50;13;212m▀[38;2;73;18;214m[48;2;72;18;214m▀[38;2;72;18;215m[48;2;72;18;215m▀[38;2;45;12;212m[48;2;45;12;212m▀[38;2;35;10;213m[48;2;20;8;210m▀[38;2;50;12;216m[48;2;24;9;210m▀[38;2;31;9;211m[48;2;71;15;218m▀[38;2;72;15;219m[48;2;73;17;218m▀[38;2;74;18;217m[48;2;74;18;216m▀[38;2;74;19;215m[48;2;74;19;215m▀[38;2;74;19;216m[48;2;74;19;216m▀[38;2;74;18;217m[48;2;73;19;218m▀[49m                [0m
                [38;2;107;107;180m[48;2;83;84;152m▀[38;2;148;149;224m[48;2;174;173;230m▀[38;2;2;5;202m[48;2;2;5;202m▀[38;2;20;9;206m[48;2;20;8;207m▀[38;2;73;17;217m[48;2;73;17;217m▀[38;2;73;19;215m[48;2;73;18;214m▀[48;2;74;19;216m▄▄[38;2;73;17;220m[48;2;72;18;218m▀[38;2;21;7;207m[48;2;22;7;209m▀[38;2;67;14;217m[48;2;66;14;217m▀[38;2;5;6;202m[48;2;5;6;203m▀[38;2;74;6;230m[48;2;74;5;231m▀[38;2;77;6;231m[48;2;78;6;232m▀[38;2;66;7;227m[48;2;66;6;228m▀[38;2;3;6;205m[48;2;2;5;204m▀[38;2;51;13;212m[48;2;51;12;212m▀[38;2;72;18;214m[48;2;72;18;214m▀[38;2;73;19;216m[48;2;73;19;214m▀[38;2;45;13;212m[48;2;46;13;210m▀[38;2;2;5;204m[48;2;28;9;209m▀[38;2;44;12;213m[48;2;65;15;216m▀[38;2;72;16;218m[48;2;72;17;216m▀[38;2;73;18;215m[48;2;73;18;214m▀[38;2;74;19;215m[48;2;74;19;215m▀[38;2;75;19;215m▀[38;2;74;19;216m▀[38;2;74;18;219m[48;2;73;19;219m▀[49m                [0m
                [38;2;58;58;131m[48;2;35;35;107m▀[38;2;201;200;237m[48;2;223;224;240m▀[38;2;1;4;201m[48;2;2;4;200m▀[38;2;20;8;206m[48;2;19;8;204m▀[38;2;74;17;217m[48;2;74;17;216m▀[38;2;73;19;214m[48;2;73;19;214m▀[38;2;73;19;215m[48;2;73;19;215m▀[38;2;74;18;215m▀[38;2;73;17;219m[48;2;73;17;220m▀[38;2;36;9;211m[48;2;40;10;211m▀[38;2;62;13;215m[48;2;59;13;215m▀[38;2;4;6;205m[48;2;5;6;205m▀[38;2;74;5;232m[48;2;76;5;233m▀[38;2;78;7;233m[48;2;80;6;235m▀[38;2;66;7;227m[48;2;66;6;230m▀[38;2;3;6;204m[48;2;2;6;203m▀[38;2;50;12;210m[48;2;50;12;210m▀[38;2;72;18;214m[48;2;73;18;214m▀[38;2;73;19;215m[48;2;73;19;215m▀[38;2;45;13;212m[48;2;44;13;211m▀[38;2;35;10;212m[48;2;51;12;212m▀[38;2;73;16;216m[48;2;73;17;214m▀[38;2;73;18;216m[48;2;74;18;215m▀[38;2;75;19;215m[48;2;75;19;216m▀[48;2;74;19;215m▄[38;2;74;19;216m[48;2;74;19;216m▀[48;2;75;19;216m▀[38;2;73;19;220m[48;2;74;18;219m▀[49m                [0m
                 [38;2;237;237;245m[48;2;219;220;237m▀[38;2;14;16;198m[48;2;38;40;203m▀[38;2;17;8;205m[48;2;16;7;205m▀[38;2;73;17;216m[48;2;73;16;216m▀[38;2;73;19;214m[48;2;73;18;214m▀[48;2;73;19;215m▀[38;2;72;19;213m▀[38;2;60;14;216m[48;2;52;14;214m▀[38;2;39;10;213m[48;2;39;10;213m▀[38;2;59;14;215m[48;2;59;14;215m▀[38;2;3;6;205m[48;2;24;7;212m▀[38;2;15;7;210m[48;2;39;9;216m▀[38;2;15;8;209m[48;2;38;8;216m▀[38;2;13;7;209m[48;2;37;8;215m▀[38;2;2;6;204m[48;2;24;8;210m▀[38;2;51;13;211m[48;2;51;13;212m▀[38;2;72;19;214m[48;2;73;18;214m▀[38;2;73;19;216m[48;2;73;19;215m▀[38;2;45;13;211m[48;2;46;12;211m▀[38;2;60;14;214m[48;2;61;14;215m▀[38;2;74;18;216m[48;2;74;18;217m▀[48;2;74;19;217m▄[38;2;74;19;216m[48;2;73;18;215m▀[48;2;74;18;216m▀[48;2;74;19;217m▀▀[38;2;74;19;219m[48;2;74;19;219m▀[49m                [0m
                 [38;2;194;194;230m[48;2;169;169;225m▀[38;2;62;61;209m[48;2;87;85;215m▀[38;2;15;7;206m[48;2;13;6;204m▀[38;2;73;17;216m[48;2;73;16;217m▀[38;2;74;18;215m[48;2;73;18;215m▀[38;2;74;20;214m[48;2;73;20;214m▀[38;2;73;19;215m[48;2;73;19;216m▀[38;2;53;14;215m[48;2;52;15;215m▀[38;2;40;11;214m[48;2;41;11;213m▀[38;2;59;14;216m[48;2;60;14;215m▀[38;2;50;7;219m[48;2;50;7;219m▀[38;2;82;10;226m[48;2;81;10;226m▀[48;2;82;11;225m▄[48;2;81;10;227m▄[38;2;52;8;219m[48;2;54;9;220m▀[38;2;51;13;212m[48;2;51;12;211m▀[38;2;74;18;215m[48;2;73;18;215m▀[38;2;74;19;215m[48;2;73;19;216m▀[38;2;45;12;211m[48;2;46;12;212m▀[38;2;61;14;215m[48;2;62;13;217m▀[38;2;74;16;218m[48;2;73;16;219m▀[38;2;73;17;217m[48;2;71;16;220m▀[38;2;72;17;217m[48;2;71;15;220m▀[38;2;73;17;217m[48;2;73;16;219m▀[38;2;74;18;216m[48;2;74;17;218m▀[38;2;75;19;216m[48;2;74;18;217m▀[38;2;74;19;220m[48;2;74;19;219m▀[49m                [0m
                 [38;2;146;146;220m[48;2;121;123;214m▀[38;2;109;110;218m[48;2;134;135;220m▀[38;2;13;6;206m[48;2;13;6;206m▀[38;2;73;15;218m[48;2;74;16;218m▀[38;2;73;18;214m[48;2;73;19;214m▀[38;2;74;19;214m▄[38;2;73;18;217m[48;2;73;18;216m▀[38;2;53;13;214m[48;2;53;13;211m▀[38;2;41;11;213m[48;2;46;11;214m▀[38;2;60;13;215m[48;2;54;13;213m▀[38;2;49;8;219m[48;2;50;7;219m▀[38;2;82;11;226m[48;2;82;11;226m▀[38;2;82;11;225m[48;2;83;12;225m▀[38;2;82;12;226m[48;2;83;12;226m▀[38;2;70;10;224m[48;2;71;9;224m▀[38;2;51;12;211m[48;2;50;13;211m▀[38;2;73;18;215m[48;2;72;18;215m▀[48;2;73;19;215m▄[38;2;46;13;211m[48;2;45;12;211m▀[38;2;60;14;217m[48;2;58;13;218m▀[38;2;31;10;209m[48;2;64;33;211m▀[38;2;31;20;204m[48;2;248;151;223m▀[38;2;33;19;206m[48;2;249;150;223m▀[38;2;42;16;212m[48;2;157;96;214m▀[38;2;72;16;219m[48;2;61;16;215m▀[38;2;74;17;217m[48;2;73;16;218m▀[38;2;73;18;218m[48;2;73;17;219m▀[49m                [0m
                 [38;2;96;97;210m[48;2;68;70;206m▀[38;2;160;160;227m[48;2;186;185;231m▀[38;2;12;5;206m[48;2;12;5;203m▀[38;2;73;16;217m[48;2;73;16;217m▀[38;2;74;19;214m[48;2;74;19;215m▀[38;2;73;19;215m[48;2;73;19;215m▀[38;2;73;18;215m[48;2;74;18;217m▀[38;2;55;13;176m[48;2;51;14;164m▀[38;2;62;16;213m[48;2;63;15;213m▀[38;2;50;13;212m[48;2;50;13;213m▀[38;2;59;9;221m[48;2;65;9;224m▀[38;2;83;12;226m[48;2;83;11;226m▀[48;2;84;12;226m▀[38;2;84;12;225m[48;2;84;12;225m▀[38;2;71;10;224m[48;2;71;10;224m▀[38;2;50;13;210m[48;2;51;12;211m▀[38;2;73;19;214m[48;2;73;19;214m▀[38;2;73;18;214m[48;2;73;19;215m▀[38;2;45;13;210m[48;2;44;13;212m▀[38;2;42;10;215m[48;2;9;5;207m▀[38;2;77;52;206m[48;2;163;101;214m▀[38;2;252;150;217m[48;2;231;139;217m▀[38;2;251;150;219m[48;2;252;150;220m▀[38;2;251;152;222m[48;2;252;151;221m▀[38;2;88;48;207m[48;2;182;110;213m▀[38;2;70;14;220m[48;2;55;11;216m▀[38;2;73;16;219m[48;2;73;15;220m▀[49m                [0m
                 [38;2;47;48;189m[48;2;20;22;113m▀[38;2;212;211;236m[48;2;235;234;243m▀[38;2;12;4;204m[48;2;17;9;197m▀[38;2;73;16;217m[48;2;73;16;218m▀[38;2;73;18;214m[48;2;73;18;216m▀[38;2;73;17;219m▄[38;2;74;16;218m[48;2;48;12;143m▀[49m [38;2;72;16;214m[48;2;72;18;215m▀[38;2;50;13;212m[48;2;50;13;213m▀[38;2;65;9;223m[48;2;65;8;223m▀[38;2;83;12;225m[48;2;84;11;225m▀[48;2;83;12;226m▀[38;2;84;12;227m[48;2;84;12;226m▀[38;2;71;10;225m[48;2;72;10;224m▀[38;2;49;13;211m[48;2;50;13;211m▀[38;2;73;19;214m[48;2;74;19;215m▀[38;2;73;19;215m[48;2;73;19;216m▀[38;2;57;14;214m[48;2;72;19;215m▀[38;2;25;9;209m[48;2;53;14;214m▀[38;2;164;102;214m[48;2;140;90;212m▀[38;2;129;80;208m[48;2;121;76;211m▀[38;2;244;147;219m[48;2;171;101;212m▀[38;2;249;149;221m[48;2;217;116;227m▀[38;2;181;108;214m[48;2;167;92;217m▀[38;2;33;9;212m[48;2;8;5;205m▀[38;2;73;16;221m[48;2;73;15;222m▀[49m                [0m
                  [38;2;228;228;241m[48;2;204;204;233m▀[38;2;41;29;202m[48;2;83;54;210m▀[38;2;72;15;217m[48;2;71;15;218m▀[38;2;74;18;217m[48;2;73;16;217m▀[38;2;72;16;218m[49m▀  [38;2;72;18;215m[48;2;73;17;214m▀[38;2;50;13;213m[48;2;49;13;212m▀[38;2;65;8;222m[48;2;67;8;223m▀[38;2;84;12;225m[48;2;84;12;224m▀[38;2;84;12;226m[48;2;84;13;225m▀▄[38;2;72;10;224m[48;2;72;10;225m▀[38;2;51;13;212m[48;2;51;13;212m▀[38;2;73;20;214m[48;2;73;19;214m▀[38;2;74;19;215m[48;2;74;19;215m▀[38;2;73;19;215m[48;2;74;20;214m▀[38;2;66;15;217m[48;2;73;18;216m▀[38;2;17;6;204m[48;2;46;12;214m▀[38;2;79;52;208m[48;2;46;29;206m▀[38;2;167;102;212m[48;2;85;53;207m▀[38;2;198;115;225m[48;2;88;57;209m▀[38;2;62;29;211m[48;2;2;6;206m▀[38;2;5;6;204m[48;2;2;6;205m▀[38;2;58;13;219m[48;2;43;11;214m▀[49m                [0m
                  [38;2;176;177;225m[48;2;154;155;220m▀[38;2;103;79;215m[48;2;117;103;210m▀[38;2;72;14;220m[48;2;59;17;189m▀[38;2;44;12;132m[49m▀   [38;2;72;17;213m[48;2;72;18;213m▀[38;2;50;13;212m[48;2;50;13;213m▀[38;2;67;8;223m[48;2;67;8;224m▀[38;2;84;13;225m[48;2;84;12;224m▀[38;2;85;13;224m[48;2;85;13;225m▀[38;2;84;12;225m[48;2;84;11;225m▀[38;2;71;11;223m[48;2;71;10;223m▀[38;2;50;13;211m[48;2;50;13;211m▀[38;2;73;19;213m[48;2;73;19;214m▀[38;2;74;19;214m[48;2;74;20;215m▀[38;2;74;20;214m▀[38;2;74;19;216m[48;2;73;19;215m▀[38;2;73;17;218m[48;2;73;18;216m▀[38;2;36;10;210m[48;2;66;15;216m▀[38;2;2;5;204m[48;2;32;10;211m▀[38;2;2;6;205m[48;2;2;6;206m▀[38;2;3;6;205m[48;2;3;6;205m▀[38;2;3;6;203m[48;2;3;7;204m▀[38;2;41;13;209m[48;2;4;6;102m▀[49m                [0m
                  [38;2;125;125;193m[48;2;104;103;174m▀[38;2;127;126;188m[48;2;153;153;209m▀[49m    [38;2;36;11;107m[48;2;45;11;132m▀[38;2;72;17;216m[48;2;73;16;217m▀[38;2;51;13;213m[48;2;40;12;209m▀[38;2;66;9;224m[48;2;67;9;223m▀[38;2;84;12;225m[48;2;84;11;225m▀[38;2;85;13;225m[48;2;85;13;226m▀[38;2;84;12;226m[48;2;85;13;227m▀[38;2;72;10;224m[48;2;72;10;224m▀[38;2;50;13;211m[48;2;50;14;211m▀[38;2;74;19;214m[48;2;73;19;214m▀[38;2;74;20;215m[48;2;74;20;214m▀[38;2;74;20;214m▀▀[38;2;73;19;214m[48;2;73;19;214m▀[38;2;73;19;215m[48;2;74;18;215m▀[38;2;59;15;215m[48;2;73;18;217m▀[38;2;13;7;208m[48;2;51;12;216m▀[38;2;2;6;205m[48;2;10;8;142m▀[38;2;3;6;174m[48;2;4;7;98m▀[49m                 [0m
                  [38;2;77;77;142m[48;2;50;50;121m▀[38;2;180;182;221m[48;2;207;207;231m▀[49m    [38;2;45;11;132m[48;2;45;11;133m▀[38;2;72;16;217m[48;2;72;16;217m▀[38;2;34;10;210m[48;2;35;11;209m▀[38;2;78;11;226m[48;2;80;11;227m▀[38;2;84;11;225m[48;2;84;12;225m▀[38;2;84;13;225m[48;2;85;12;226m▀[38;2;84;13;226m▄[38;2;72;10;225m[48;2;71;9;225m▀[38;2;50;13;211m[48;2;50;13;210m▀[38;2;73;19;215m[48;2;73;18;215m▀[38;2;75;20;214m[48;2;74;20;214m▀[38;2;74;20;215m▀[38;2;74;20;213m▀[38;2;74;19;215m[48;2;74;19;215m▀[48;2;74;20;215m▀[38;2;73;18;215m[48;2;73;19;214m▀[38;2;72;17;218m[48;2;73;18;218m▀[49m                   [0m
                  [38;2;27;28;96m▀[38;2;228;229;239m[48;2;230;230;242m▀[49m    [38;2;45;10;132m[48;2;45;11;131m▀[38;2;72;16;218m[48;2;72;16;218m▀[38;2;36;11;209m[48;2;35;11;210m▀[38;2;80;10;227m[48;2;80;10;226m▀[38;2;84;11;226m[48;2;84;12;225m▀[38;2;85;13;226m[48;2;85;13;226m▀[38;2;85;13;227m[48;2;84;13;227m▀[38;2;70;10;224m[48;2;70;11;225m▀[38;2;49;13;212m[48;2;42;12;213m▀[38;2;73;18;214m[48;2;72;18;213m▀[38;2;74;20;214m[48;2;74;20;214m▀[48;2;75;20;214m▀▄[38;2;74;19;214m[48;2;74;19;214m▀[48;2;75;19;214m▀[48;2;73;19;215m▄[38;2;74;19;218m[48;2;73;19;217m▀[38;2;52;17;156m[49m▄                  [0m
                   [38;2;211;211;233m[48;2;182;183;225m▀[38;2;45;46;98m[48;2;72;72;125m▀[49m   [38;2;46;11;132m[48;2;45;10;134m▀[38;2;72;16;217m[48;2;72;16;217m▀[38;2;35;11;208m[48;2;35;11;210m▀[38;2;80;10;226m[48;2;80;11;227m▀[38;2;84;12;225m[48;2;84;12;225m▀[38;2;85;12;226m[48;2;85;13;226m▀[38;2;85;13;225m▄[38;2;82;11;225m[48;2;83;11;226m▀[38;2;43;10;211m[48;2;47;11;214m▀[38;2;73;19;213m[48;2;73;18;214m▀[38;2;74;20;214m[48;2;74;20;214m▀[38;2;74;20;215m[48;2;74;19;215m▀[48;2;74;20;214m▄[48;2;74;19;214m▄[38;2;74;20;214m[48;2;74;20;214m▀[48;2;75;20;213m▀[38;2;74;18;217m[48;2;74;19;216m▀[38;2;71;19;214m[48;2;73;19;215m▀[49m                  [0m
                   [38;2;159;160;218m[48;2;133;133;203m▀[38;2;98;99;146m[48;2;122;124;175m▀[49m   [38;2;44;9;132m[48;2;45;9;132m▀[38;2;72;17;216m[48;2;72;16;218m▀[38;2;35;11;210m[48;2;35;11;209m▀[38;2;80;11;227m[48;2;81;10;227m▀[38;2;85;12;225m[48;2;84;12;226m▀[38;2;85;13;225m[48;2;85;13;226m▀[38;2;85;12;226m[48;2;85;12;226m▀[38;2;84;12;226m[48;2;84;12;226m▀[38;2;47;11;215m[48;2;48;11;215m▀[38;2;73;19;214m[48;2;73;19;214m▀[38;2;74;20;214m[48;2;74;20;213m▀[48;2;74;19;214m▄[38;2;75;20;214m[48;2;74;20;215m▀[38;2;74;20;214m▄▄[48;2;74;20;214m▀[38;2;74;20;216m[48;2;74;20;215m▀[38;2;73;20;214m[48;2;74;19;215m▀[49m                  [0m
                   [38;2;109;110;180m[48;2;82;83;151m▀[38;2;148;148;197m[48;2;174;176;220m▀[49m   [38;2;55;13;170m[48;2;67;15;200m▀[38;2;72;16;217m[48;2;72;16;217m▀[38;2;35;11;209m[48;2;37;11;211m▀[38;2;81;10;226m[48;2;80;9;226m▀[38;2;85;13;226m[48;2;85;12;225m▀[48;2;85;13;226m▀[38;2;85;13;225m[48;2;85;13;225m▀[38;2;85;12;226m[48;2;85;12;227m▀[38;2;48;11;214m[48;2;48;12;215m▀[38;2;73;19;213m[48;2;74;19;214m▀[38;2;74;20;214m[48;2;75;20;214m▀[38;2;75;21;214m[48;2;75;20;215m▀[38;2;74;20;215m[48;2;74;20;215m▀[38;2;74;20;213m[48;2;74;20;214m▀[38;2;74;20;215m▄[38;2;74;20;214m▀[38;2;74;20;216m[48;2;75;20;215m▀[38;2;74;19;216m[48;2;74;18;217m▀[38;2;42;15;125m[48;2;56;14;166m▀[49m                 [0m
                   [38;2;60;61;127m[48;2;35;36;101m▀[38;2;197;199;227m[48;2;223;223;237m▀[49m  [38;2;38;10;110m▄[38;2;68;15;201m[48;2;73;15;218m▀[38;2;72;17;216m[48;2;72;17;216m▀[38;2;41;9;211m[48;2;34;11;207m▀[38;2;74;7;224m[48;2;80;9;227m▀[38;2;84;12;225m[48;2;84;12;225m▀[38;2;85;13;226m[48;2;85;13;226m▀[38;2;85;12;226m[48;2;85;12;225m▀[38;2;85;12;228m[48;2;85;13;227m▀[38;2;48;11;214m[48;2;48;12;216m▀[38;2;73;18;214m[48;2;73;19;213m▀[38;2;74;20;214m[48;2;74;20;214m▀[38;2;74;19;215m[48;2;74;19;214m▀[48;2;74;19;215m▀[38;2;74;20;215m[48;2;75;20;214m▀[48;2;74;20;214m▀[48;2;74;20;216m▄[38;2;75;21;215m[48;2;75;20;215m▀[38;2;74;19;216m[48;2;74;20;216m▀[38;2;57;15;166m[48;2;57;15;169m▀[49m                 [0m
                    [38;2;236;236;243m[48;2;218;221;236m▀[49m  [38;2;41;9;114m[48;2;41;9;115m▀[38;2;73;16;218m[48;2;75;16;219m▀[38;2;72;17;216m[48;2;73;17;216m▀[38;2;35;11;208m[48;2;34;11;209m▀[38;2;81;10;226m[48;2;81;10;226m▀[38;2;85;12;225m[48;2;85;12;226m▀[38;2;85;13;225m[48;2;85;13;226m▀[38;2;86;13;226m▄[38;2;86;12;226m▄[38;2;48;12;215m[48;2;48;11;215m▀[38;2;73;18;214m[48;2;73;18;213m▀[38;2;74;20;214m[48;2;74;20;214m▀[38;2;74;19;214m▀[48;2;74;19;215m▀[38;2;74;20;215m[48;2;74;20;215m▀▀[38;2;74;20;214m[48;2;74;20;214m▀[38;2;75;20;214m[48;2;74;20;215m▀[38;2;75;19;215m[48;2;74;19;215m▀[38;2;72;17;212m[48;2;74;18;219m▀[49m                 [0m
                    [38;2;191;192;229m[48;2;169;169;220m▀[38;2;61;60;111m[48;2;88;87;139m▀[49m [38;2;41;9;114m[48;2;40;9;115m▀[38;2;75;16;220m[48;2;74;16;220m▀[38;2;73;16;216m[48;2;72;16;216m▀[38;2;35;12;209m[48;2;35;11;209m▀[38;2;81;10;225m[48;2;81;9;226m▀[38;2;85;12;225m[48;2;84;12;225m▀[38;2;85;13;225m[48;2;85;13;226m▀[38;2;85;12;226m▄[48;2;85;12;227m▄[38;2;48;11;215m[48;2;48;11;215m▀[38;2;73;19;214m[48;2;73;19;214m▀[38;2;74;20;213m[48;2;74;20;214m▀[38;2;75;20;215m▄[48;2;75;20;216m▄[38;2;74;20;214m[48;2;74;20;215m▀[38;2;74;19;215m▄[38;2;74;20;214m[48;2;74;20;214m▀[38;2;74;19;215m▀[38;2;74;19;216m▀[38;2;73;18;218m[48;2;73;18;217m▀[49m                 [0m
                    [38;2;145;145;205m[48;2;120;119;185m▀[38;2;112;112;164m[48;2;138;139;189m▀[49m [38;2;40;9;114m[48;2;40;10;114m▀[38;2;75;16;220m[48;2;75;16;219m▀[38;2;73;16;217m[48;2;72;17;217m▀[38;2;35;11;209m[48;2;34;11;209m▀[38;2;81;10;227m[48;2;81;11;227m▀[38;2;84;12;225m[48;2;84;12;226m▀[38;2;85;13;226m[48;2;85;12;226m▀[48;2;84;12;227m▀[38;2;85;12;227m[48;2;85;12;227m▀[38;2;47;12;214m[48;2;48;12;214m▀[38;2;73;19;214m[48;2;73;18;215m▀[38;2;74;19;214m[48;2;74;20;214m▀[38;2;75;20;216m[48;2;75;20;215m▀[38;2;75;20;214m[48;2;75;20;214m▀[38;2;74;19;215m[48;2;74;20;214m▀[38;2;74;20;213m▄[38;2;75;20;214m▄[48;2;75;20;215m▄[38;2;74;20;214m▀[38;2;73;18;216m[48;2;74;19;216m▀▀[49m                [0m
                    [38;2;93;94;164m[48;2;70;70;139m▀[38;2;166;166;213m[48;2;189;188;223m▀[49m [38;2;40;9;114m[48;2;41;8;114m▀[38;2;75;16;219m[48;2;74;16;220m▀[38;2;72;16;218m[48;2;73;16;218m▀[38;2;35;11;208m[48;2;35;11;209m▀[38;2;81;10;226m[48;2;80;9;226m▀[38;2;85;12;225m[48;2;84;11;225m▀[38;2;84;12;225m[48;2;84;12;225m▀[48;2;85;12;226m▀[38;2;85;12;227m[48;2;85;12;227m▀[38;2;48;12;214m[48;2;48;11;215m▀[38;2;73;19;214m[48;2;73;19;214m▀[38;2;74;20;213m[48;2;74;20;214m▀[38;2;75;20;214m▀[38;2;74;20;215m[48;2;74;20;215m▀[38;2;74;20;214m[48;2;75;20;215m▀[48;2;75;20;214m▄[38;2;74;21;214m▀[38;2;74;20;214m[48;2;75;20;215m▀[48;2;74;20;215m▄[38;2;74;19;215m[48;2;74;19;214m▀[38;2;73;19;217m[48;2;73;18;216m▀[38;2;72;20;215m[49m▄               [0m
                    [38;2;46;46;114m▀[38;2;214;214;234m[48;2;234;236;243m▀[38;2;43;14;181m[49m▄[38;2;40;9;115m[48;2;69;15;209m▀[38;2;73;15;221m[48;2;73;15;221m▀[38;2;72;17;218m[48;2;62;13;217m▀[38;2;34;10;210m[48;2;18;7;207m▀[38;2;81;10;227m[48;2;82;9;228m▀[38;2;83;11;225m[48;2;84;11;226m▀[38;2;83;12;225m[48;2;85;11;227m▀[38;2;84;12;226m[48;2;84;11;227m▀[38;2;84;11;226m[48;2;85;12;227m▀[38;2;48;12;214m[48;2;49;10;215m▀[38;2;73;19;213m[48;2;74;18;215m▀[38;2;74;21;215m[48;2;75;20;215m▀[38;2;75;21;213m[48;2;75;20;214m▀[38;2;74;20;215m[48;2;75;20;215m▀[38;2;75;20;215m▀[38;2;74;20;214m[48;2;75;19;216m▀[38;2;75;20;214m[48;2;75;20;216m▀[38;2;75;20;215m[48;2;75;19;215m▀[38;2;74;20;213m[48;2;74;19;215m▀[38;2;73;20;214m▀[38;2;73;18;215m[48;2;74;18;216m▀[38;2;74;17;220m[48;2;73;18;217m▀[38;2;66;18;202m[49m▄              [0m
                     [38;2;226;227;238m[48;2;202;203;230m▀[38;2;69;35;207m[48;2;87;58;212m▀[38;2;73;14;219m[48;2;73;16;221m▀[38;2;58;12;217m[48;2;28;10;211m▀[38;2;36;10;210m[48;2;2;6;203m▀[38;2;5;5;206m[48;2;5;6;204m▀[38;2;52;8;217m[48;2;4;6;138m▀[38;2;53;9;218m[48;2;3;6;101m▀[38;2;54;10;217m[48;2;3;5;101m▀[38;2;53;9;216m[48;2;3;6;99m▀[38;2;54;10;217m[48;2;3;6;100m▀[38;2;38;10;212m[48;2;25;10;139m▀[38;2;73;17;217m[48;2;73;15;218m▀[38;2;75;17;216m[48;2;75;16;218m▀[38;2;75;18;216m[48;2;75;16;220m▀[38;2;75;17;217m[48;2;74;16;220m▀[38;2;75;17;216m[48;2;74;18;218m▀▀[38;2;74;17;217m[48;2;75;19;218m▀[38;2;75;17;216m[48;2;74;18;218m▀[38;2;74;17;216m[48;2;75;18;217m▀[38;2;74;16;217m[48;2;74;18;219m▀[48;2;73;18;218m▀[38;2;74;17;216m[48;2;73;18;220m▀[38;2;73;16;217m[48;2;73;18;219m▀[38;2;64;18;188m[48;2;74;19;219m▀[38;2;60;17;173m[48;2;70;20;209m▀[49m            [0m
                                 [38;2;74;14;220m▀[38;2;75;16;220m▀[38;2;76;17;222m▀[38;2;76;18;221m▀                       [0m
                                                            [0m
                                                            [0m